9
Plethodon_albagula    0.0000000 0.4942278 0.1214280 0.4720832 0.0525036 0.1506835 0.5007049 0.2814818 0.2167761 
Plethodon_cinereus    0.4942278 0.0000000 0.4609381 0.1452993 0.4844754 0.5034995 0.2676643 0.3928684 0.5212559 
Plethodon_glutinosus  0.1214280 0.4609381 0.0000000 0.4227864 0.1224134 0.1173531 0.4972601 0.2653513 0.2167198 
Plethodon_hoffmani    0.4720832 0.1452993 0.4227864 0.0000000 0.4402665 0.4955701 0.2286509 0.3685672 0.4821797 
Plethodon_mississippi 0.0525036 0.4844754 0.1224134 0.4402665 0.0000000 0.1286795 0.5038372 0.3069257 0.2414142 
Plethodon_ouachitae   0.1506835 0.5034995 0.1173531 0.4955701 0.1286795 0.0000000 0.4946738 0.3327666 0.1920576 
Plethodon_serratus    0.5007049 0.2676643 0.4972601 0.2286509 0.5038372 0.4946738 0.0000000 0.3885229 0.5463571 
Plethodon_welleri     0.2814818 0.3928684 0.2653513 0.3685672 0.3069257 0.3327666 0.3885229 0.0000000 0.3209376 
Plethodon_yonahlossee 0.2167761 0.5212559 0.2167198 0.4821797 0.2414142 0.1920576 0.5463571 0.3209376 0.0000000 
