44
Plethodon_grobmani                0.0000000 0.1530563 0.1622297 0.1485839 0.1486369 0.1488804 0.1500559 0.1767978 0.4976707 0.4720942 0.5152064 0.4913126 0.4929689 0.4872617 0.4910431 0.1354149 0.1374890 0.0646436 0.2496540 0.0684821 0.1680306 0.1461208 0.0366313 0.0591724 0.0452608 0.0873518 0.0808109 0.1711507 0.3329150 0.3261793 0.2799537 0.3074759 0.3574196 0.2994418 0.3374939 0.4179432 0.4436362 0.4515954 0.4370844 0.4334953 0.4390420 0.0346473 0.1559142 0.1204065 
Plethodon_shermani                0.1530563 0.0000000 0.1083970 0.0874940 0.0882312 0.0887647 0.0896538 0.1201723 0.5234170 0.4989091 0.5360403 0.5299413 0.5279782 0.5104697 0.5170693 0.1233242 0.1253167 0.1563167 0.2023040 0.1381079 0.1458141 0.1267266 0.1455976 0.1668502 0.1433179 0.1453567 0.1342781 0.1199137 0.3460419 0.3287826 0.2681595 0.3449374 0.3363136 0.3023872 0.3443015 0.4417661 0.4753276 0.4766133 0.4797740 0.4564586 0.4526826 0.1324530 0.0017168 0.1144787 
Plethodon_metcalfi                0.1622297 0.1083970 0.0000000 0.0832696 0.0828542 0.0822130 0.0767899 0.0062174 0.5621508 0.5355272 0.5703782 0.5680914 0.5674066 0.5547573 0.5464157 0.1647740 0.1672035 0.1660888 0.2259463 0.1490983 0.1796147 0.1348139 0.1663567 0.1809917 0.1609927 0.1701836 0.1664425 0.1593337 0.3650803 0.3377596 0.2948757 0.3542926 0.3842891 0.3166468 0.3527601 0.4738997 0.5052493 0.4721278 0.5101491 0.4815258 0.4713510 0.1481959 0.1118403 0.1404893 
Plethodon_meridianus              0.1485839 0.0874940 0.0832696 0.0000000 0.0005983 0.0011965 0.0241827 0.0777885 0.5488764 0.5206511 0.5493585 0.5441499 0.5220392 0.5276368 0.5259699 0.1432200 0.1454081 0.1499300 0.2372985 0.1369336 0.1549273 0.1249619 0.1452808 0.1585789 0.1344682 0.1432365 0.1497526 0.1381473 0.3589500 0.3468544 0.2906883 0.3556845 0.3944203 0.3253923 0.3603072 0.4362658 0.4869580 0.5037055 0.4907300 0.4634954 0.4448524 0.1304553 0.0905602 0.1229560 
Plethodon_meridianusMN909362.1    0.1486369 0.0882312 0.0828542 0.0005983 0.0000000 0.0006001 0.0236521 0.0769776 0.5512682 0.5233581 0.5471868 0.5420160 0.5175859 0.5253194 0.5220719 0.1447308 0.1469515 0.1531822 0.2378991 0.1384590 0.1550716 0.1249619 0.1466726 0.1601584 0.1357402 0.1462158 0.1528073 0.1361559 0.3635325 0.3468374 0.2942716 0.3556845 0.3995228 0.3320371 0.3602813 0.4422441 0.4843529 0.5134783 0.4923897 0.4637371 0.4478895 0.1316145 0.0913319 0.1240647 
Plethodon_meridianusMN90355.1     0.1488804 0.0887647 0.0822130 0.0011965 0.0006001 0.0000000 0.0229093 0.0755700 0.5512682 0.5233581 0.5516135 0.5480194 0.5243000 0.5314999 0.5282021 0.1449902 0.1471963 0.1517046 0.2395210 0.1387810 0.1552478 0.1249619 0.1469295 0.1603361 0.1360624 0.1448869 0.1514210 0.1368956 0.3618706 0.3453538 0.2932784 0.3556845 0.3975031 0.3282141 0.3587923 0.4396819 0.4905626 0.5073541 0.4893125 0.4669190 0.4482559 0.1319411 0.0918535 0.1244151 
Plethodon_amplusMN909347.1        0.1500559 0.0896538 0.0767899 0.0241827 0.0236521 0.0229093 0.0000000 0.0675753 0.5384350 0.5026423 0.5425839 0.5438148 0.5266436 0.5270007 0.5188963 0.1402293 0.1423893 0.1527212 0.2183482 0.1379896 0.1431208 0.1133169 0.1510399 0.1630951 0.1371273 0.1431018 0.1485343 0.1369559 0.3502441 0.3365337 0.2775865 0.3516114 0.3779604 0.3121800 0.3455735 0.4266471 0.4772721 0.4840495 0.4721753 0.4582150 0.4283519 0.1355922 0.0927422 0.1204685 
Plethodon_montanusMN909343.1      0.1767978 0.1201723 0.0062174 0.0777885 0.0769776 0.0755700 0.0675753 0.0000000 0.5857978 0.5474708 0.5875609 0.5920892 0.5854436 0.5745966 0.5636351 0.1827657 0.1855036 0.1760311 0.2429474 0.1647587 0.1946242 0.1459273 0.1795070 0.1976691 0.1756021 0.1875117 0.1834003 0.1698727 0.3832787 0.3565285 0.3153257 0.3730097 0.3979289 0.3392485 0.3720972 0.4991626 0.5229661 0.4852339 0.5348356 0.5026364 0.4896388 0.1592075 0.1239615 0.1541155 
Plethodon_cinereusMN895928.1      0.4976707 0.5234170 0.5621508 0.5488764 0.5512682 0.5512682 0.5384350 0.5857978 0.0000000 0.0000010 0.0285926 0.0209115 0.0264698 0.0220508 0.0176132 0.4607343 0.4545714 0.5175626 0.6145702 0.4838585 0.5754393 0.5423862 0.4859417 0.5722680 0.5135359 0.5500946 0.5064012 0.5429849 0.4369063 0.4612428 0.4218341 0.4313554 0.4979516 0.5157098 0.5168616 0.1817315 0.1122704 0.2906136 0.1877643 0.1756838 0.1600050 0.4702541 0.5380539 0.4536301 
Plethodon_cinereusMN895927.1      0.4720942 0.4989091 0.5355272 0.5206511 0.5233581 0.5233581 0.5026423 0.5474708 0.0000010 0.0000000 0.0257664 0.0181844 0.0207388 0.0169626 0.0143924 0.4300175 0.4300175 0.4784406 0.5586738 0.4920067 0.5405903 0.5386896 0.4552962 0.5437735 0.4830180 0.5150101 0.4693738 0.5071128 0.3921751 0.4236894 0.3984978 0.3947892 0.4510224 0.4606799 0.4685679 0.1813580 0.1017373 0.2822554 0.1701413 0.1512801 0.1530023 0.4377447 0.5069339 0.4271408 
Plethodon_cinereusMN895915.1      0.5152064 0.5360403 0.5703782 0.5493585 0.5471868 0.5516135 0.5425839 0.5875609 0.0285926 0.0257664 0.0000000 0.0218129 0.0260276 0.0220932 0.0177775 0.4938277 0.4876201 0.5391992 0.5808776 0.4963980 0.5672835 0.5551769 0.4991357 0.5830945 0.5220523 0.5575582 0.5268795 0.5705371 0.4118916 0.4334962 0.4298430 0.4257725 0.5102319 0.5237919 0.5205907 0.1882546 0.1100962 0.2831536 0.1907559 0.1904148 0.1573035 0.4843027 0.5500637 0.4852958 
Plethodon_cinereusMN895891.1      0.4913126 0.5299413 0.5680914 0.5441499 0.5420160 0.5480194 0.5438148 0.5920892 0.0209115 0.0181844 0.0218129 0.0000000 0.0156737 0.0117566 0.0116872 0.4750184 0.4690236 0.5225935 0.5929944 0.4826756 0.5651663 0.5738467 0.4803280 0.5654898 0.5110679 0.5373394 0.5136629 0.5661336 0.4198233 0.4522230 0.4281397 0.4391253 0.5075325 0.5231458 0.5315870 0.1830551 0.1051037 0.2916692 0.1945406 0.1810266 0.1589547 0.4657013 0.5437282 0.4700407 
Plethodon_cinereusMN895863.1      0.4929689 0.5279782 0.5674066 0.5220392 0.5175859 0.5243000 0.5266436 0.5854436 0.0264698 0.0207388 0.0260276 0.0156737 0.0000000 0.0058236 0.0157837 0.4807247 0.4746006 0.5295634 0.5870172 0.4921512 0.5677904 0.5749825 0.4880380 0.5681034 0.5129783 0.5459784 0.5155968 0.5710344 0.4171461 0.4558204 0.4304396 0.4320481 0.5170839 0.5243417 0.5276682 0.1867408 0.1189085 0.3006748 0.2020366 0.1900676 0.1690273 0.4732383 0.5418774 0.4708278 
Plethodon_cinereusMN895849.1      0.4872617 0.5104697 0.5547573 0.5276368 0.5253194 0.5314999 0.5270007 0.5745966 0.0220508 0.0169626 0.0220932 0.0117566 0.0058236 0.0000000 0.0117518 0.4764960 0.4704443 0.5274023 0.5779715 0.4933546 0.5548729 0.5474710 0.4761565 0.5618212 0.5070911 0.5271426 0.5097179 0.5582380 0.4087202 0.4411778 0.4230575 0.4139072 0.5026499 0.5182980 0.5217278 0.1765222 0.1061737 0.2912270 0.1892999 0.1777031 0.1557311 0.4614106 0.5241025 0.4562896 
Plethodon_cinereusMN895815.1      0.4910431 0.5170693 0.5464157 0.5259699 0.5220719 0.5282021 0.5188963 0.5636351 0.0176132 0.0143924 0.0177775 0.0116872 0.0157837 0.0117518 0.0000000 0.4717792 0.4658007 0.5311681 0.5788434 0.4950613 0.5559317 0.5371514 0.4778915 0.5597747 0.5107577 0.5317931 0.5133492 0.5410391 0.4003820 0.4265145 0.4138347 0.4118044 0.4928199 0.5081326 0.5168366 0.1749557 0.0996228 0.2792248 0.1872284 0.1761175 0.1509926 0.4654786 0.5306498 0.4520206 
Plethodon_glutinosusKX764637.1    0.1354149 0.1233242 0.1647740 0.1432200 0.1447308 0.1449902 0.1402293 0.1827657 0.4607343 0.4300175 0.4938277 0.4750184 0.4807247 0.4764960 0.4717792 0.0000000 0.0009760 0.1360184 0.2379542 0.1174847 0.1624120 0.1128302 0.1321521 0.1522608 0.1257563 0.1343140 0.1054862 0.1463467 0.3629903 0.3643475 0.2778226 0.3300069 0.3968510 0.3503823 0.3881367 0.4435329 0.4870950 0.5266736 0.4898816 0.4624896 0.4403188 0.1234151 0.1259761 0.0069169 
Plethodon_glutinosusKX764632.1    0.1374890 0.1253167 0.1672035 0.1454081 0.1469515 0.1471963 0.1423893 0.1855036 0.4545714 0.4300175 0.4876201 0.4690236 0.4746006 0.4704443 0.4658007 0.0009760 0.0000000 0.1340214 0.2390249 0.1174847 0.1648059 0.1128302 0.1342149 0.1545689 0.1277601 0.1364056 0.1072755 0.1485839 0.3679204 0.3692485 0.2817950 0.3382932 0.3992433 0.3524235 0.3904064 0.4377825 0.4833218 0.5202097 0.4836674 0.4654442 0.4346617 0.1254094 0.1280084 0.0079391 
Plethodon_abagulaKX764631.1       0.0646436 0.1563167 0.1660888 0.1499300 0.1531822 0.1517046 0.1527212 0.1760311 0.5175626 0.4784406 0.5391992 0.5225935 0.5295634 0.5274023 0.5311681 0.1360184 0.1340214 0.0000000 0.2543359 0.0515707 0.1684701 0.1212071 0.0627490 0.0767830 0.0655394 0.0878504 0.0837110 0.1827407 0.3715442 0.3711660 0.3315184 0.3877759 0.4337258 0.3472334 0.4031760 0.4721435 0.4974356 0.5048983 0.4836080 0.5109792 0.4928842 0.0581207 0.1594561 0.1292044 
Plethodon_yonahlosseeDQ018707.1   0.2496540 0.2023040 0.2259463 0.2372985 0.2378991 0.2395210 0.2183482 0.2429474 0.6145702 0.5586738 0.5808776 0.5929944 0.5870172 0.5779715 0.5788434 0.2379542 0.2390249 0.2543359 0.0000000 0.2472799 0.2043652 0.1896982 0.2290903 0.2668315 0.2379107 0.2178607 0.2096576 0.2366631 0.4317564 0.4213240 0.3319036 0.4109753 0.3940186 0.3470163 0.3708693 0.4965729 0.5227487 0.5302279 0.4956736 0.4967987 0.4988703 0.2186803 0.2061860 0.2169554 
Plethodon_sequpyahDQ018705.1      0.0684821 0.1381079 0.1490983 0.1369336 0.1384590 0.1387810 0.1379896 0.1647587 0.4838585 0.4920067 0.4963980 0.4826756 0.4921512 0.4933546 0.4950613 0.1174847 0.1174847 0.0515707 0.2472799 0.0000000 0.1770956 0.1278728 0.0636252 0.0862632 0.0667754 0.0934675 0.0820283 0.1728791 0.3583979 0.3631346 0.3093960 0.3756908 0.4126452 0.3263619 0.3800821 0.4515566 0.4590533 0.5021465 0.4633854 0.4785500 0.4807426 0.0585737 0.1411831 0.1121212 
Plethodon_petraeusDQ018704.1      0.1680306 0.1458141 0.1796147 0.1549273 0.1550716 0.1552478 0.1431208 0.1946242 0.5754393 0.5405903 0.5672835 0.5651663 0.5677904 0.5548729 0.5559317 0.1624120 0.1648059 0.1684701 0.2043652 0.1770956 0.0000000 0.1347290 0.1612287 0.1713079 0.1574504 0.1625056 0.1521924 0.1462535 0.3632193 0.3442316 0.2734743 0.3216746 0.3340151 0.2865639 0.3100630 0.4506347 0.5122657 0.4856691 0.4945681 0.4886517 0.4800678 0.1522895 0.1486499 0.1455832 
Plethodon_ouachitaeDQ018703.1     0.1461208 0.1267266 0.1348139 0.1249619 0.1249619 0.1249619 0.1133169 0.1459273 0.5423862 0.5386896 0.5551769 0.5738467 0.5749825 0.5474710 0.5371514 0.1128302 0.1128302 0.1212071 0.1896982 0.1278728 0.1347290 0.0000000 0.1327001 0.1372578 0.1295987 0.1411070 0.1305869 0.0938282 0.3663426 0.3745989 0.3327196 0.3336806 0.4043714 0.3277182 0.3639604 0.4597749 0.4956732 0.5096996 0.4695229 0.4824688 0.4996449 0.1281478 0.1267266 0.1138170 
Plethodon_ocmulgeeDQ018702.1      0.0366313 0.1455976 0.1663567 0.1452808 0.1466726 0.1469295 0.1510399 0.1795070 0.4859417 0.4552962 0.4991357 0.4803280 0.4880380 0.4761565 0.4778915 0.1321521 0.1342149 0.0627490 0.2290903 0.0636252 0.1612287 0.1327001 0.0000000 0.0529005 0.0412964 0.0844243 0.0766169 0.1608899 0.3248367 0.3314051 0.2758073 0.2954509 0.3634764 0.2949160 0.3366630 0.3895896 0.4327682 0.4211027 0.4189690 0.4097879 0.4094881 0.0054645 0.1483699 0.1173551 
Plethodon_mississippiDQ018701.1   0.0591724 0.1668502 0.1809917 0.1585789 0.1601584 0.1603361 0.1630951 0.1976691 0.5722680 0.5437735 0.5830945 0.5654898 0.5681034 0.5618212 0.5597747 0.1522608 0.1545689 0.0767830 0.2668315 0.0862632 0.1713079 0.1372578 0.0529005 0.0000000 0.0251017 0.0912506 0.0896076 0.1771048 0.3558281 0.3555615 0.3384723 0.3248690 0.4194059 0.3428885 0.3967165 0.4558229 0.5064442 0.5051613 0.5027873 0.4816966 0.5003893 0.0507177 0.1700247 0.1349859 
Plethodon_kistatchieDQ018699.1    0.0452608 0.1433179 0.1609927 0.1344682 0.1357402 0.1360624 0.1371273 0.1756021 0.5135359 0.4830180 0.5220523 0.5110679 0.5129783 0.5070911 0.5107577 0.1257563 0.1277601 0.0655394 0.2379107 0.0667754 0.1574504 0.1295987 0.0412964 0.0251017 0.0000000 0.0798068 0.0729290 0.1520707 0.3233829 0.3154886 0.3034310 0.3426717 0.3791925 0.3047125 0.3686371 0.4284185 0.4615244 0.4604304 0.4517504 0.4294049 0.4497013 0.0371806 0.1460705 0.1116248 
Plethodon_kiamichiDQ018697.1      0.0873518 0.1453567 0.1701836 0.1432365 0.1462158 0.1448869 0.1431018 0.1875117 0.5500946 0.5150101 0.5575582 0.5373394 0.5459784 0.5271426 0.5317931 0.1343140 0.1364056 0.0878504 0.2178607 0.0934675 0.1625056 0.1411070 0.0844243 0.0912506 0.0798068 0.0000000 0.0882421 0.1823238 0.3540777 0.3411309 0.3093914 0.3572445 0.3714088 0.3149802 0.3651369 0.4658207 0.4685294 0.4800752 0.4801823 0.4584321 0.4724991 0.0809034 0.1481494 0.1165647 
Plethodon_glutinosusDQ018694.1    0.0808109 0.1342781 0.1664425 0.1497526 0.1528073 0.1514210 0.1485343 0.1834003 0.5064012 0.4693738 0.5268795 0.5136629 0.5155968 0.5097179 0.5133492 0.1054862 0.1072755 0.0837110 0.2096576 0.0820283 0.1521924 0.1305869 0.0766169 0.0896076 0.0729290 0.0882421 0.0000000 0.1598714 0.3111545 0.3304590 0.2920837 0.3225087 0.3575429 0.3093621 0.3548794 0.4160810 0.4690434 0.4301444 0.4448521 0.4553830 0.4296950 0.0719943 0.1368684 0.0936996 
Plethodon_fourchensisDQ018690.1   0.1711507 0.1199137 0.1593337 0.1381473 0.1361559 0.1368956 0.1369559 0.1698727 0.5429849 0.5071128 0.5705371 0.5661336 0.5710344 0.5582380 0.5410391 0.1463467 0.1485839 0.1827407 0.2366631 0.1728791 0.1462535 0.0938282 0.1608899 0.1771048 0.1520707 0.1823238 0.1598714 0.0000000 0.3547044 0.3192128 0.2786713 0.3397073 0.3505680 0.3050271 0.3328010 0.4336551 0.5268419 0.4858202 0.4946892 0.4870350 0.4518090 0.1565244 0.1223258 0.1356369 
Plethodon_wehrleiDQ018687.1       0.3329150 0.3460419 0.3650803 0.3589500 0.3635325 0.3618706 0.3502441 0.3832787 0.4369063 0.3921751 0.4118916 0.4198233 0.4171461 0.4087202 0.4003820 0.3629903 0.3679204 0.3715442 0.4317564 0.3583979 0.3632193 0.3663426 0.3248367 0.3558281 0.3233829 0.3540777 0.3111545 0.3547044 0.0000000 0.0679636 0.2600492 0.2910000 0.3471450 0.2943354 0.3202456 0.3918510 0.3914843 0.3746685 0.4236673 0.4086391 0.3704954 0.3168505 0.3489121 0.3385846 
Plethodon_punctactusDQ018685.1    0.3261793 0.3287826 0.3377596 0.3468544 0.3468374 0.3453538 0.3365337 0.3565285 0.4612428 0.4236894 0.4334962 0.4522230 0.4558204 0.4411778 0.4265145 0.3643475 0.3692485 0.3711660 0.4213240 0.3631346 0.3442316 0.3745989 0.3314051 0.3555615 0.3154886 0.3411309 0.3304590 0.3192128 0.0679636 0.0000000 0.2554151 0.2978571 0.3375764 0.3029653 0.3199167 0.4059523 0.4122061 0.3734795 0.4172690 0.4303622 0.3738106 0.3192328 0.3315873 0.3400052 
Plethodon_welleriDQ018683.1       0.2799537 0.2681595 0.2948757 0.2906883 0.2942716 0.2932784 0.2775865 0.3153257 0.4218341 0.3984978 0.4298430 0.4281397 0.4304396 0.4230575 0.4138347 0.2778226 0.2817950 0.3315184 0.3319036 0.3093960 0.2734743 0.3327196 0.2758073 0.3384723 0.3034310 0.3093914 0.2920837 0.2786713 0.2600492 0.2554151 0.0000000 0.2540984 0.2318200 0.2052435 0.2153040 0.3814086 0.3929654 0.3923926 0.3816584 0.3608953 0.3742920 0.2689337 0.2684340 0.2618919 
Plethodon_websteriDQ018682.1      0.3074759 0.3449374 0.3542926 0.3556845 0.3556845 0.3556845 0.3516114 0.3730097 0.4313554 0.3947892 0.4257725 0.4391253 0.4320481 0.4139072 0.4118044 0.3300069 0.3382932 0.3877759 0.4109753 0.3756908 0.3216746 0.3336806 0.2954509 0.3248690 0.3426717 0.3572445 0.3225087 0.3397073 0.2910000 0.2978571 0.2540984 0.0000000 0.2988674 0.2676331 0.3038292 0.3689448 0.4053853 0.3952655 0.3191881 0.3268579 0.3348091 0.2899239 0.3449374 0.2860569 
Plethodon_ventralisDQ018681.1     0.3574196 0.3363136 0.3842891 0.3944203 0.3995228 0.3975031 0.3779604 0.3979289 0.4979516 0.4510224 0.5102319 0.5075325 0.5170839 0.5026499 0.4928199 0.3968510 0.3992433 0.4337258 0.3940186 0.4126452 0.3340151 0.4043714 0.3634764 0.4194059 0.3791925 0.3714088 0.3575429 0.3505680 0.3471450 0.3375764 0.2318200 0.2988674 0.0000000 0.0817180 0.1145367 0.5041355 0.4943019 0.4449652 0.4769220 0.4589100 0.4824588 0.3527774 0.3391707 0.3647502 
Plethodon_dorsalisDQ018679.1      0.2994418 0.3023872 0.3166468 0.3253923 0.3320371 0.3282141 0.3121800 0.3392485 0.5157098 0.4606799 0.5237919 0.5231458 0.5243417 0.5182980 0.5081326 0.3503823 0.3524235 0.3472334 0.3470163 0.3263619 0.2865639 0.3277182 0.2949160 0.3428885 0.3047125 0.3149802 0.3093621 0.3050271 0.2943354 0.3029653 0.2052435 0.2676331 0.0817180 0.0000000 0.0952464 0.5019134 0.5023432 0.4457300 0.4846608 0.4741094 0.4870233 0.2888559 0.3051422 0.3264172 
Plethodon_angusticlavisDQ018676.1 0.3374939 0.3443015 0.3527601 0.3603072 0.3602813 0.3587923 0.3455735 0.3720972 0.5168616 0.4685679 0.5205907 0.5315870 0.5276682 0.5217278 0.5168366 0.3881367 0.3904064 0.4031760 0.3708693 0.3800821 0.3100630 0.3639604 0.3366630 0.3967165 0.3686371 0.3651369 0.3548794 0.3328010 0.3202456 0.3199167 0.2153040 0.3038292 0.1145367 0.0952464 0.0000000 0.5073552 0.4734923 0.4475906 0.4709635 0.4348604 0.4715947 0.3243659 0.3471352 0.3663173 
Plethodon_virginiaDQ018675.1      0.4179432 0.4417661 0.4738997 0.4362658 0.4422441 0.4396819 0.4266471 0.4991626 0.1817315 0.1813580 0.1882546 0.1830551 0.1867408 0.1765222 0.1749557 0.4435329 0.4377825 0.4721435 0.4965729 0.4515566 0.4506347 0.4597749 0.3895896 0.4558229 0.4284185 0.4658207 0.4160810 0.4336551 0.3918510 0.4059523 0.3814086 0.3689448 0.5041355 0.5019134 0.5073552 0.0000000 0.1921942 0.2588890 0.1785738 0.1872921 0.0571073 0.3856251 0.4421981 0.4135394 
Plethodon_shenandoahDQ018674.1    0.4436362 0.4753276 0.5052493 0.4869580 0.4843529 0.4905626 0.4772721 0.5229661 0.1122704 0.1017373 0.1100962 0.1051037 0.1189085 0.1061737 0.0996228 0.4870950 0.4833218 0.4974356 0.5227487 0.4590533 0.5122657 0.4956732 0.4327682 0.5064442 0.4615244 0.4685294 0.4690434 0.5268419 0.3914843 0.4122061 0.3929654 0.4053853 0.4943019 0.5023432 0.4734923 0.1921942 0.0000000 0.2931098 0.1979160 0.1748096 0.1622884 0.4245310 0.4787474 0.4483271 
Plethodon_serratusDQ018673.1      0.4515954 0.4766133 0.4721278 0.5037055 0.5134783 0.5073541 0.4840495 0.4852339 0.2906136 0.2822554 0.2831536 0.2916692 0.3006748 0.2912270 0.2792248 0.5266736 0.5202097 0.5048983 0.5302279 0.5021465 0.4856691 0.5096996 0.4211027 0.5051613 0.4604304 0.4800752 0.4301444 0.4858202 0.3746685 0.3734795 0.3923926 0.3952655 0.4449652 0.4457300 0.4475906 0.2588890 0.2931098 0.0000000 0.2775087 0.2694632 0.2171276 0.4129020 0.4770572 0.4789107 
Plethodon_richmondiDQ018670.1     0.4370844 0.4797740 0.5101491 0.4907300 0.4923897 0.4893125 0.4721753 0.5348356 0.1877643 0.1701413 0.1907559 0.1945406 0.2020366 0.1892999 0.1872284 0.4898816 0.4836674 0.4836080 0.4956736 0.4633854 0.4945681 0.4695229 0.4189690 0.5027873 0.4517504 0.4801823 0.4448521 0.4946892 0.4236673 0.4172690 0.3816584 0.3191881 0.4769220 0.4846608 0.4709635 0.1785738 0.1979160 0.2775087 0.0000000 0.1112910 0.1679045 0.4051855 0.4831961 0.4423603 
Plethodon_hubrichtiDQ018667.1     0.4334953 0.4564586 0.4815258 0.4634954 0.4637371 0.4669190 0.4582150 0.5026364 0.1756838 0.1512801 0.1904148 0.1810266 0.1900676 0.1777031 0.1761175 0.4624896 0.4654442 0.5109792 0.4967987 0.4785500 0.4886517 0.4824688 0.4097879 0.4816966 0.4294049 0.4584321 0.4553830 0.4870350 0.4086391 0.4303622 0.3608953 0.3268579 0.4589100 0.4741094 0.4348604 0.1872921 0.1748096 0.2694632 0.1112910 0.0000000 0.1538871 0.3962196 0.4597349 0.4256574 
Plethodon_hoffmaniDQ018666.1      0.4390420 0.4526826 0.4713510 0.4448524 0.4478895 0.4482559 0.4283519 0.4896388 0.1600050 0.1530023 0.1573035 0.1589547 0.1690273 0.1557311 0.1509926 0.4403188 0.4346617 0.4928842 0.4988703 0.4807426 0.4800678 0.4996449 0.4094881 0.5003893 0.4497013 0.4724991 0.4296950 0.4518090 0.3704954 0.3738106 0.3742920 0.3348091 0.4824588 0.4870233 0.4715947 0.0571073 0.1622884 0.2171276 0.1679045 0.1538871 0.0000000 0.4014045 0.4560143 0.4109187 
Plethodon_savannahAY875042.1      0.0346473 0.1324530 0.1481959 0.1304553 0.1316145 0.1319411 0.1355922 0.1592075 0.4702541 0.4377447 0.4843027 0.4657013 0.4732383 0.4614106 0.4654786 0.1234151 0.1254094 0.0581207 0.2186803 0.0585737 0.1522895 0.1281478 0.0054645 0.0507177 0.0371806 0.0809034 0.0719943 0.1565244 0.3168505 0.3192328 0.2689337 0.2899239 0.3527774 0.2888559 0.3243659 0.3856251 0.4245310 0.4129020 0.4051855 0.3962196 0.4014045 0.0000000 0.1348842 0.1042312 
Plethodon_teyahaleeAY875041.1     0.1559142 0.0017168 0.1118403 0.0905602 0.0913319 0.0918535 0.0927422 0.1239615 0.5380539 0.5069339 0.5500637 0.5437282 0.5418774 0.5241025 0.5306498 0.1259761 0.1280084 0.1594561 0.2061860 0.1411831 0.1486499 0.1267266 0.1483699 0.1700247 0.1460705 0.1481494 0.1368684 0.1223258 0.3489121 0.3315873 0.2684340 0.3449374 0.3391707 0.3051422 0.3471352 0.4421981 0.4787474 0.4770572 0.4831961 0.4597349 0.4560143 0.1348842 0.0000000 0.1166829 
Plethodon_glutinosusAY875024.1    0.1204065 0.1144787 0.1404893 0.1229560 0.1240647 0.1244151 0.1204685 0.1541155 0.4536301 0.4271408 0.4852958 0.4700407 0.4708278 0.4562896 0.4520206 0.0069169 0.0079391 0.1292044 0.2169554 0.1121212 0.1455832 0.1138170 0.1173551 0.1349859 0.1116248 0.1165647 0.0936996 0.1356369 0.3385846 0.3400052 0.2618919 0.2860569 0.3647502 0.3264172 0.3663173 0.4135394 0.4483271 0.4789107 0.4423603 0.4256574 0.4109187 0.1042312 0.1166829 0.0000000 
