78
EMultAY528337.1       0.0000000 0.9026546 0.8897080 0.8863049 0.8604844 0.8964104 0.9073079 0.8863049 0.8467447 0.8725802 1.0128472 0.9495990 1.0120340 0.9495990 1.0290856 0.9975865 1.0015217 1.0308347 0.9412565 1.0224889 1.0308347 1.0351998 0.9440365 0.9827513 0.9434493 1.0096394 0.9968952 0.9949727 1.0082539 1.0198553 0.9281278 0.9591549 0.9672933 0.9862221 0.9721553 0.9643690 0.9902723 1.0344994 1.0056250 1.0266950 1.0483611 0.9326622 0.8880056 0.9573791 0.9779054 0.9573791 0.9653213 0.9835770 0.9738374 0.9524876 0.9665083 0.9734391 0.9092855 0.9092855 0.8904158 0.9715012 0.9715012 0.9558203 0.9672933 0.9091310 0.9734391 0.9643690 0.9281278 0.7756917 0.9975865 0.7704021 1.0056250 0.9485310 0.8537727 0.7971111 0.8880056 0.9745148 0.5445000 0.8796796 0.7596811 0.9902723 0.8015732 0.7377818 
PCineMN895700.1       0.9026546 0.0000000 0.4292564 0.3746426 0.4405217 0.4408286 0.4371788 0.3795613 0.4342533 0.4409903 0.4084041 0.3781194 0.3972531 0.3773295 0.4005006 0.4024608 0.4036547 0.4098154 0.3938657 0.4016118 0.4083705 0.4071164 0.3827481 0.4261489 0.4056578 0.4110188 0.3992312 0.4046471 0.4251695 0.4054024 0.3800848 0.4394057 0.4321464 0.4096959 0.4366127 0.4072766 0.4271695 0.3937261 0.4100635 0.4016762 0.4329101 0.3804452 0.4217771 0.3981635 0.4079354 0.3981635 0.4116151 0.4240638 0.4181597 0.3994101 0.4253110 0.4137332 0.4333899 0.4333899 0.4222015 0.4396343 0.4396343 0.4368104 0.4321464 0.4332894 0.4137332 0.4072766 0.3800848 0.0189851 0.4024608 0.1083113 0.4100635 0.2009379 0.3177660 0.4825278 0.4217771 0.3753902 0.6107686 0.3485289 0.6033638 0.4271695 0.6364550 0.1014952 
PSheXAurT017040       0.8897080 0.4292564 0.0000000 0.1707392 0.0149089 0.0073143 0.0036220 0.1721835 0.0038989 0.0039442 0.1870348 0.1676012 0.1821163 0.1665835 0.1817934 0.1940573 0.1940573 0.1771594 0.1800643 0.1808158 0.1758910 0.1832581 0.1681190 0.1826091 0.1807857 0.1981485 0.1941784 0.1944724 0.1837161 0.1785486 0.1926122 0.2019940 0.1915757 0.2063910 0.1975139 0.2012819 0.1969719 0.1834701 0.1967804 0.1878923 0.1918101 0.1677357 0.1962907 0.1994347 0.2048593 0.1994347 0.1957296 0.2126195 0.2031434 0.2029522 0.2088640 0.2097759 0.1950660 0.1950660 0.1822246 0.1865866 0.1865866 0.1983408 0.1915757 0.2033519 0.2097759 0.2012819 0.1926122 0.4749855 0.1940573 0.4291736 0.1967804 0.4292522 0.4008082 0.2197292 0.1962907 0.1874388 0.6308277 0.3584822 0.6479906 0.1969719 0.6718527 0.3874481 
PmetT017041           0.8863049 0.3746426 0.1707392 0.0000000 0.1652814 0.1691386 0.1731385 0.0000010 0.1733362 0.1761668 0.1684239 0.1602407 0.1617429 0.1606292 0.1711890 0.1746243 0.1750026 0.1721784 0.1642693 0.1722007 0.1723504 0.1745546 0.1622540 0.1705550 0.1669032 0.1789076 0.1766394 0.1769003 0.1750020 0.1700308 0.1666347 0.1901953 0.1862853 0.1953351 0.1893411 0.1904604 0.1643686 0.1731093 0.1777089 0.1790458 0.1796982 0.1714900 0.1628175 0.1868280 0.1920494 0.1868280 0.1745988 0.1898962 0.1876519 0.1892241 0.1882946 0.1922107 0.1650837 0.1650837 0.1648339 0.1867363 0.1867363 0.1902416 0.1862853 0.1739166 0.1922107 0.1904604 0.1666347 0.3763046 0.1746243 0.3881646 0.1777089 0.4518822 0.3332557 0.1638203 0.1628175 0.1689099 0.6757729 0.3456130 0.6680418 0.1643686 0.6724761 0.3714846 
PcylT017043           0.8604844 0.4405217 0.0149089 0.1652814 0.0000000 0.0128591 0.0128125 0.1652814 0.0127974 0.0129766 0.1762723 0.1600157 0.1719057 0.1600157 0.1732982 0.1860108 0.1864473 0.1690481 0.1725402 0.1743920 0.1690481 0.1743920 0.1601830 0.1734789 0.1735131 0.1908753 0.1883375 0.1881299 0.1756736 0.1703807 0.1823943 0.1927816 0.1799162 0.1910753 0.1879102 0.1858967 0.1793482 0.1708584 0.1869162 0.1797229 0.1887001 0.1561437 0.1947573 0.1838806 0.1894865 0.1838806 0.1839920 0.1937777 0.1878570 0.1894865 0.1879725 0.2050712 0.1934276 0.1934276 0.1797104 0.1747477 0.1747477 0.1889039 0.1799162 0.1935338 0.2050712 0.1858967 0.1823943 0.4807231 0.1860108 0.4518251 0.1869162 0.4223385 0.3987210 0.2010952 0.1947573 0.1791524 0.5917212 0.3524537 0.6201029 0.1793482 0.6694017 0.4323825 
PaurT017044           0.8964104 0.4408286 0.0073143 0.1691386 0.0128591 0.0000000 0.0054598 0.1691386 0.0048811 0.0049379 0.1839437 0.1597255 0.1790468 0.1599563 0.1787244 0.1917716 0.1917716 0.1741084 0.1736253 0.1791943 0.1741084 0.1814376 0.1614188 0.1807824 0.1806912 0.1958168 0.1933825 0.1934719 0.1818936 0.1754475 0.1846495 0.1931701 0.1828594 0.2009444 0.1886532 0.1959439 0.1879062 0.1769565 0.1944689 0.1825976 0.1898158 0.1594564 0.1919596 0.1941096 0.1994562 0.1941096 0.1904355 0.2071033 0.1977904 0.1975647 0.2034147 0.2082579 0.1907230 0.1907230 0.1816552 0.1780122 0.1780122 0.1895682 0.1828594 0.2032348 0.2082579 0.1959439 0.1846495 0.4838794 0.1917716 0.4325126 0.1944689 0.4274396 0.3977847 0.2223151 0.1919596 0.1859574 0.6418825 0.3599660 0.6591714 0.1879062 0.6765640 0.3887572 
PaurT017045           0.9073079 0.4371788 0.0036220 0.1731385 0.0128125 0.0054598 0.0000000 0.1745815 0.0000010 0.0000010 0.1894179 0.1683520 0.1846857 0.1673390 0.1809756 0.1966900 0.1971294 0.1769501 0.1798506 0.1806013 0.1756830 0.1830394 0.1688763 0.1858385 0.1805505 0.2015118 0.1975117 0.1978110 0.1834967 0.1783344 0.1923635 0.1980422 0.1876879 0.2061161 0.1935524 0.2010180 0.1929190 0.1824504 0.2001179 0.1876663 0.1915624 0.1640791 0.1970092 0.1991733 0.2045882 0.1991733 0.1954737 0.2123342 0.2028767 0.2026840 0.2085863 0.2134177 0.1957836 0.1957836 0.1828958 0.1827700 0.1827700 0.1944176 0.1876879 0.2030621 0.2134177 0.2010180 0.1923635 0.4876094 0.1966900 0.4358600 0.2001179 0.4260485 0.3999593 0.2249490 0.1970092 0.1909348 0.6471262 0.3677690 0.6586229 0.1929190 0.6791030 0.3912922 
PMetXChlT017050       0.8863049 0.3795613 0.1721835 0.0000010 0.1652814 0.1691386 0.1745815 0.0000000 0.1733362 0.1761668 0.1680653 0.1600584 0.1614010 0.1606292 0.1709930 0.1744224 0.1747998 0.1719802 0.1640831 0.1722007 0.1723504 0.1745546 0.1622540 0.1705550 0.1669032 0.1786974 0.1766394 0.1769003 0.1750020 0.1698327 0.1675751 0.1892395 0.1853441 0.1961741 0.1883792 0.1913016 0.1635297 0.1729099 0.1775014 0.1790458 0.1796982 0.1706436 0.1619945 0.1876786 0.1928920 0.1876786 0.1754719 0.1907518 0.1884978 0.1900717 0.1891486 0.1930461 0.1642446 0.1642446 0.1639973 0.1857997 0.1857997 0.1892854 0.1853441 0.1739166 0.1930461 0.1913016 0.1675751 0.3763046 0.1744224 0.3881646 0.1775014 0.4512180 0.3332557 0.1638203 0.1619945 0.1697954 0.6757729 0.3456130 0.6680418 0.1635297 0.6724761 0.3718929 
PSheXTeyT017990       0.8467447 0.4342533 0.0038989 0.1733362 0.0127974 0.0048811 0.0000010 0.1733362 0.0000000 0.0000010 0.1916611 0.1738061 0.1898720 0.1738061 0.1857561 0.2031331 0.2031331 0.1820662 0.1833359 0.1857561 0.1820662 0.1882264 0.1755434 0.1926870 0.1861270 0.2058368 0.2031331 0.2031331 0.1883761 0.1820662 0.1912876 0.1970017 0.1866300 0.2050331 0.1924944 0.1999419 0.1918346 0.1874762 0.2059060 0.1930300 0.1912281 0.1630075 0.1959277 0.1980945 0.2035095 0.1980945 0.1943905 0.2112558 0.2018030 0.2016028 0.2075100 0.2123570 0.1946964 0.1946964 0.1818046 0.1817152 0.1817152 0.1933726 0.1866300 0.2030621 0.2123570 0.1999419 0.1912876 0.4876094 0.2031331 0.4358600 0.2059060 0.4144703 0.3999593 0.2249490 0.1959277 0.1898527 0.6471262 0.3619822 0.6586229 0.1918346 0.6791030 0.3900134 
PaurT017991           0.8725802 0.4409903 0.0039442 0.1761668 0.0129766 0.0049379 0.0000010 0.1761668 0.0000010 0.0000000 0.1929558 0.1748281 0.1911392 0.1751070 0.1887999 0.2046362 0.2046362 0.1832131 0.1845046 0.1887999 0.1832131 0.1913293 0.1768849 0.1943236 0.1896310 0.2073899 0.2046362 0.2049748 0.1917867 0.1832131 0.1879522 0.1979880 0.1874844 0.2050331 0.1924944 0.2030417 0.1929008 0.1887187 0.2074606 0.1943561 0.1929438 0.1653607 0.1989572 0.2011627 0.2066949 0.2011627 0.1973924 0.2146132 0.2049361 0.2047538 0.2107763 0.2116882 0.1977158 0.1977158 0.1845675 0.1824992 0.1824992 0.1943111 0.1874844 0.2030621 0.2116882 0.2030417 0.1879522 0.4876094 0.2046362 0.4358600 0.2074606 0.4236277 0.3999593 0.2249490 0.1989572 0.1927563 0.6471262 0.3676949 0.6586229 0.1929008 0.6791030 0.3887572 
PGrobMN723505.1       1.0128472 0.4084041 0.1870348 0.1684239 0.1762723 0.1839437 0.1894179 0.1680653 0.1916611 0.1929558 0.0000000 0.0844554 0.0045117 0.0847161 0.0367209 0.0901421 0.0903088 0.0389830 0.0796429 0.0369244 0.0390480 0.0380621 0.0842082 0.0168749 0.0359068 0.0925329 0.0911224 0.0912393 0.0469256 0.0373839 0.0619188 0.1923529 0.1726606 0.1956492 0.1897516 0.1926454 0.1028041 0.0430309 0.0920065 0.0477744 0.0535378 0.1957720 0.1590180 0.1880345 0.1932471 0.1880345 0.1881387 0.2016719 0.1963789 0.1866983 0.1980896 0.1934441 0.1647913 0.1647913 0.1680792 0.1697584 0.1697584 0.1888320 0.1726606 0.0447503 0.1934441 0.1926454 0.0619188 0.4185452 0.0901421 0.4223067 0.0920065 0.4649114 0.3725365 0.1908643 0.1590180 0.1883624 0.6185350 0.3591819 0.6680476 0.1028041 0.6871543 0.4408579 
PGlutMN723507.1       0.9495990 0.3781194 0.1676012 0.1602407 0.1600157 0.1597255 0.1683520 0.1600584 0.1738061 0.1748281 0.0844554 0.0000000 0.0786046 0.0000010 0.0714323 0.0803709 0.0805182 0.0717865 0.0648352 0.0718613 0.0719163 0.0732778 0.0000010 0.0733400 0.0713396 0.0813269 0.0799733 0.0800749 0.0787680 0.0703686 0.0712400 0.1952688 0.1753556 0.1822584 0.1963289 0.1794917 0.0830543 0.0753914 0.0821331 0.0685669 0.0735736 0.1738706 0.1611522 0.1786346 0.1836938 0.1786346 0.1786993 0.1880971 0.1794784 0.1865517 0.1846930 0.1839291 0.1634350 0.1634350 0.1667424 0.1758766 0.1758766 0.1989424 0.1753556 0.0714143 0.1839291 0.1794917 0.0712400 0.4086735 0.0803709 0.4192972 0.0821331 0.4359554 0.3784161 0.1904359 0.1611522 0.1693405 0.6205444 0.3252790 0.6790241 0.0830543 0.6471927 0.4095763 
PGrobMN723506.1       1.0120340 0.3972531 0.1821163 0.1617429 0.1719057 0.1790468 0.1846857 0.1614010 0.1898720 0.1911392 0.0045117 0.0786046 0.0000000 0.0788459 0.0336486 0.0847873 0.0849425 0.0358736 0.0736278 0.0338342 0.0359331 0.0349523 0.0782352 0.0139912 0.0336678 0.0870756 0.0857000 0.0858088 0.0458723 0.0352931 0.0631835 0.1942164 0.1709912 0.1900160 0.1916270 0.1871114 0.1014104 0.0399808 0.0865855 0.0445545 0.0500440 0.1940490 0.1563558 0.1862418 0.1914268 0.1862418 0.1826334 0.1998135 0.1908060 0.1849043 0.1962544 0.1916380 0.1621023 0.1621023 0.1653838 0.1681105 0.1681105 0.1906828 0.1709912 0.0422837 0.1916380 0.1871114 0.0631835 0.4124754 0.0847873 0.4151359 0.0865855 0.4540115 0.3729858 0.1858974 0.1563558 0.1828984 0.6194704 0.3594942 0.6690340 0.1014104 0.6879853 0.4320015 
PGlutMN723508.1       0.9495990 0.3773295 0.1665835 0.1606292 0.1600157 0.1599563 0.1673390 0.1606292 0.1738061 0.1751070 0.0847161 0.0000010 0.0788459 0.0000000 0.0716495 0.0806198 0.0807680 0.0720059 0.0650315 0.0720100 0.0720059 0.0733695 0.0000010 0.0733400 0.0713396 0.0815818 0.0801423 0.0800749 0.0787680 0.0705859 0.0714733 0.1960176 0.1760235 0.1829883 0.1970911 0.1802001 0.0833352 0.0756232 0.0823896 0.0686522 0.0735736 0.1745258 0.1617822 0.1793414 0.1844281 0.1793414 0.1794067 0.1888563 0.1801867 0.1872973 0.1854316 0.1846586 0.1640775 0.1640775 0.1673992 0.1765418 0.1765418 0.1997073 0.1760235 0.0714143 0.1846586 0.1802001 0.0714733 0.4086735 0.0806198 0.4192972 0.0823896 0.4380703 0.3784161 0.1904359 0.1617822 0.1700047 0.6205444 0.3252790 0.6790241 0.0833352 0.6471927 0.4130567 
PGlutMN723510.1       1.0290856 0.4005006 0.1817934 0.1711890 0.1732982 0.1787244 0.1809756 0.1709930 0.1857561 0.1887999 0.0367209 0.0714323 0.0336486 0.0716495 0.0000000 0.0803172 0.0804639 0.0072955 0.0677749 0.0000010 0.0073069 0.0009028 0.0710022 0.0320376 0.0019647 0.0813019 0.0799524 0.0800537 0.0178641 0.0073876 0.0498959 0.1940638 0.1795030 0.1897854 0.1968896 0.1887706 0.0918154 0.0368878 0.0820729 0.0308112 0.0329313 0.1956685 0.1675191 0.1916578 0.1969386 0.1916578 0.1842773 0.1976972 0.1924826 0.1903215 0.1941607 0.1914113 0.1698539 0.1698539 0.1695689 0.1765049 0.1765049 0.1977077 0.1795030 0.0277121 0.1914113 0.1887706 0.0498959 0.4254623 0.0803172 0.4291259 0.0820729 0.4590346 0.3729581 0.2021769 0.1675191 0.1845421 0.6571085 0.3620718 0.7364555 0.0918154 0.7127219 0.4461943 
PGlutMN723529.1       0.9975865 0.4024608 0.1940573 0.1746243 0.1860108 0.1917716 0.1966900 0.1744224 0.2031331 0.2046362 0.0901421 0.0803709 0.0847873 0.0806198 0.0803172 0.0000000 0.0000010 0.0807158 0.0551019 0.0808066 0.0808640 0.0822932 0.0812468 0.0890693 0.0838935 0.0009027 0.0018076 0.0000010 0.0905931 0.0806362 0.0867768 0.2127397 0.2070188 0.2036942 0.2065135 0.2005157 0.0721200 0.0867959 0.0008990 0.0845803 0.0944216 0.1987545 0.1814097 0.1996704 0.2051246 0.1996704 0.1901917 0.2179007 0.2101512 0.2130092 0.2140681 0.1955421 0.1838938 0.1838938 0.1863775 0.2036207 0.2036207 0.2090606 0.2070188 0.0904536 0.1955421 0.2005157 0.0867768 0.4243644 0.0000010 0.4099009 0.0008990 0.4306386 0.4030656 0.2114071 0.1814097 0.1866670 0.6526367 0.3506501 0.7106458 0.0721200 0.6431778 0.4366476 
PGlutMN723528.1       1.0015217 0.4036547 0.1940573 0.1750026 0.1864473 0.1917716 0.1971294 0.1747998 0.2031331 0.2046362 0.0903088 0.0805182 0.0849425 0.0807680 0.0804639 0.0000010 0.0000000 0.0807158 0.0551019 0.0808066 0.0808640 0.0822932 0.0813973 0.0890693 0.0838935 0.0009027 0.0018076 0.0000010 0.0905931 0.0806362 0.0867768 0.2127397 0.2070188 0.2036942 0.2065135 0.2005157 0.0721200 0.0869567 0.0008990 0.0845803 0.0944216 0.1987545 0.1814097 0.1996704 0.2051246 0.1996704 0.1901917 0.2179007 0.2101512 0.2130092 0.2140681 0.1955421 0.1838938 0.1838938 0.1863775 0.2036207 0.2036207 0.2090606 0.2070188 0.0904536 0.1955421 0.2005157 0.0867768 0.4243644 0.0000010 0.4099009 0.0008990 0.4319142 0.4030656 0.2114071 0.1814097 0.1866670 0.6526367 0.3506501 0.7106458 0.0721200 0.6431778 0.4366476 
PGlutMN723504.1       1.0308347 0.4098154 0.1771594 0.1721784 0.1690481 0.1741084 0.1769501 0.1719802 0.1820662 0.1832131 0.0389830 0.0717865 0.0358736 0.0720059 0.0072955 0.0807158 0.0807158 0.0000000 0.0701441 0.0073018 0.0000010 0.0082482 0.0713575 0.0320358 0.0069468 0.0812916 0.0799423 0.0800436 0.0178631 0.0000010 0.0475269 0.1977077 0.1830734 0.1974471 0.2005948 0.1925575 0.0890705 0.0370572 0.0821664 0.0308077 0.0329273 0.1957046 0.1675499 0.1954791 0.2008227 0.1954791 0.1880427 0.2055030 0.1962978 0.1941451 0.2018628 0.1877140 0.1698854 0.1698854 0.1696003 0.1800266 0.1800266 0.2013767 0.1830734 0.0253836 0.1877140 0.1925575 0.0475269 0.4298790 0.0807158 0.4343462 0.0821664 0.4690308 0.3780193 0.2049458 0.1675499 0.1882791 0.6457505 0.3576830 0.7364555 0.0890705 0.7095222 0.4521600 
PGlutMN723524.1       0.9412565 0.3938657 0.1800643 0.1642693 0.1725402 0.1736253 0.1798506 0.1640831 0.1833359 0.1845046 0.0796429 0.0648352 0.0736278 0.0650315 0.0677749 0.0551019 0.0551019 0.0701441 0.0000000 0.0678408 0.0702696 0.0692165 0.0655242 0.0756020 0.0683036 0.0565960 0.0553961 0.0554631 0.0794918 0.0699361 0.0785779 0.1886864 0.1796231 0.1842230 0.1896412 0.1814479 0.0588883 0.0754672 0.0563625 0.0729361 0.0822091 0.1764111 0.1617159 0.1842381 0.1893398 0.1842381 0.1770442 0.1937954 0.1850654 0.1811659 0.1903497 0.1804790 0.1639706 0.1639706 0.1743712 0.1732235 0.1732235 0.1922545 0.1796231 0.0808963 0.1804790 0.1814479 0.0785779 0.4123355 0.0551019 0.4202582 0.0563625 0.4247718 0.3705664 0.1880577 0.1617159 0.1676646 0.6505889 0.3421034 0.6978282 0.0588883 0.6413314 0.4322393 
PGlutMN723500.1       1.0224889 0.4016118 0.1808158 0.1722007 0.1743920 0.1791943 0.1806013 0.1722007 0.1857561 0.1887999 0.0369244 0.0718613 0.0338342 0.0720100 0.0000010 0.0808066 0.0808066 0.0073018 0.0678408 0.0000000 0.0073069 0.0009028 0.0713615 0.0320376 0.0019647 0.0813837 0.0799524 0.0800537 0.0178641 0.0073940 0.0499466 0.1942992 0.1797204 0.1900293 0.1971316 0.1890101 0.0919155 0.0370932 0.0822593 0.0308112 0.0329313 0.1959057 0.1677290 0.1919023 0.1971922 0.1919023 0.1845111 0.1979535 0.1927275 0.1905648 0.1944102 0.1916548 0.1700678 0.1700678 0.1697822 0.1767167 0.1767167 0.1979481 0.1797204 0.0277121 0.1916548 0.1890101 0.0499466 0.4254623 0.0808066 0.4291259 0.0822593 0.4634075 0.3729581 0.2021769 0.1677290 0.1847744 0.6571085 0.3620718 0.7364555 0.0919155 0.7127219 0.4473667 
PGlutMN723501.1       1.0308347 0.4083705 0.1758910 0.1723504 0.1690481 0.1741084 0.1756830 0.1723504 0.1820662 0.1832131 0.0390480 0.0719163 0.0359331 0.0720059 0.0073069 0.0808640 0.0808640 0.0000010 0.0702696 0.0073069 0.0000000 0.0082482 0.0713575 0.0320358 0.0069468 0.0814420 0.0800094 0.0800436 0.0178631 0.0000010 0.0476147 0.1981588 0.1834896 0.1979260 0.2010587 0.1930170 0.0892487 0.0371191 0.0823180 0.0308077 0.0329273 0.1961498 0.1679419 0.1959482 0.2013097 0.1959482 0.1884911 0.2060064 0.1967677 0.1946120 0.2023526 0.1881603 0.1702852 0.1702852 0.1699988 0.1804317 0.1804317 0.2018375 0.1834896 0.0253836 0.1881603 0.1930170 0.0476147 0.4298790 0.0808640 0.4343462 0.0823180 0.4704413 0.3780193 0.2049458 0.1679419 0.1887246 0.6457505 0.3576830 0.7364555 0.0892487 0.7095222 0.4544773 
PGlutMN723503.1       1.0351998 0.4071164 0.1832581 0.1745546 0.1743920 0.1814376 0.1830394 0.1745546 0.1882264 0.1913293 0.0380621 0.0732778 0.0349523 0.0733695 0.0009028 0.0822932 0.0822932 0.0082482 0.0692165 0.0009028 0.0082482 0.0000000 0.0727264 0.0331279 0.0019647 0.0828847 0.0814388 0.0814738 0.0188690 0.0083528 0.0512848 0.1969504 0.1822536 0.1928042 0.1998406 0.1917410 0.0936088 0.0382371 0.0837609 0.0318876 0.0329313 0.1985676 0.1702535 0.1946718 0.2000330 0.1946718 0.1872055 0.2008200 0.1954965 0.1933297 0.1972211 0.1944150 0.1726254 0.1726254 0.1723336 0.1792021 0.1792021 0.2006343 0.1822536 0.0289391 0.1944150 0.1917410 0.0512848 0.4316372 0.0822932 0.4364841 0.0837609 0.4696603 0.3793463 0.2058478 0.1702535 0.1874496 0.6717234 0.3665956 0.7522018 0.0936088 0.7253992 0.4578073 
PGlutMN723509.1       0.9440365 0.3827481 0.1681190 0.1622540 0.1601830 0.1614188 0.1688763 0.1622540 0.1755434 0.1768849 0.0842082 0.0000010 0.0782352 0.0000010 0.0710022 0.0812468 0.0813973 0.0713575 0.0655242 0.0713615 0.0713575 0.0727264 0.0000000 0.0725332 0.0713396 0.0822242 0.0807703 0.0807018 0.0777073 0.0699222 0.0707746 0.1979525 0.1760263 0.1830519 0.1990614 0.1802388 0.0826918 0.0749923 0.0830362 0.0679851 0.0735736 0.1762116 0.1633997 0.1793728 0.1845041 0.1793728 0.1794386 0.1889722 0.1802253 0.1873984 0.1837011 0.1865406 0.1657283 0.1657283 0.1690876 0.1765488 0.1765488 0.2016851 0.1760263 0.0704693 0.1865406 0.1802388 0.0707746 0.4086735 0.0812468 0.4247778 0.0830362 0.4444286 0.3809595 0.1889490 0.1633997 0.1717132 0.6205444 0.3252790 0.6790241 0.0826918 0.6522355 0.4225268 
PGrobMN723522.1       0.9827513 0.4261489 0.1826091 0.1705550 0.1734789 0.1807824 0.1858385 0.1705550 0.1926870 0.1943236 0.0168749 0.0733400 0.0139912 0.0733400 0.0320376 0.0890693 0.0890693 0.0320358 0.0756020 0.0320376 0.0320358 0.0331279 0.0725332 0.0000000 0.0326628 0.0909199 0.0894131 0.0893366 0.0417352 0.0324254 0.0576052 0.1979330 0.1778555 0.1963504 0.1953401 0.1933217 0.0997195 0.0373439 0.0905930 0.0416464 0.0467263 0.2014066 0.1666988 0.1886998 0.1939446 0.1886998 0.1850607 0.2024202 0.1932953 0.1873586 0.1988132 0.1903631 0.1726836 0.1726836 0.1760542 0.1713662 0.1713662 0.1943365 0.1778555 0.0399656 0.1903631 0.1933217 0.0576052 0.4480390 0.0890693 0.4448594 0.0905930 0.4763626 0.3955136 0.2005671 0.1666988 0.1903241 0.6313975 0.3492354 0.7051759 0.0997195 0.6879841 0.4530672 
PGlutMN723512.1       0.9434493 0.4056578 0.1807857 0.1669032 0.1735131 0.1806912 0.1805505 0.1669032 0.1861270 0.1896310 0.0359068 0.0713396 0.0336678 0.0713396 0.0019647 0.0838935 0.0838935 0.0069468 0.0683036 0.0019647 0.0069468 0.0019647 0.0713396 0.0326628 0.0000000 0.0854800 0.0838935 0.0838935 0.0172581 0.0069468 0.0521215 0.1990701 0.1857036 0.1990792 0.2021096 0.1978798 0.0945976 0.0383380 0.0838935 0.0281044 0.0288556 0.1975149 0.1733385 0.1969291 0.2025501 0.1969291 0.1911215 0.2075541 0.1998748 0.1995267 0.1980047 0.2005791 0.1758359 0.1758359 0.1736513 0.1824863 0.1824863 0.2029103 0.1857036 0.0275863 0.2005791 0.1978798 0.0521215 0.4356844 0.0838935 0.4440893 0.0838935 0.4632761 0.3918345 0.2017983 0.1733385 0.1893160 0.6569287 0.3663074 0.7215281 0.0945976 0.7071578 0.4732998 
PGlutMN723521.1       1.0096394 0.4110188 0.1981485 0.1789076 0.1908753 0.1958168 0.2015118 0.1786974 0.2058368 0.2073899 0.0925329 0.0813269 0.0870756 0.0815818 0.0813019 0.0009027 0.0009027 0.0812916 0.0565960 0.0813837 0.0814420 0.0828847 0.0822242 0.0909199 0.0854800 0.0000000 0.0027207 0.0009051 0.0912612 0.0820831 0.0883427 0.2153805 0.2096347 0.2064272 0.2091333 0.2031863 0.0735995 0.0891415 0.0018119 0.0864421 0.0960393 0.2012818 0.1839245 0.2023419 0.2078619 0.2023419 0.1927778 0.2207729 0.2129080 0.2158178 0.2168864 0.1981701 0.1864406 0.1864406 0.1889505 0.2061872 0.2061872 0.2116713 0.2096347 0.0922019 0.1981701 0.2031863 0.0883427 0.4306719 0.0009027 0.4171142 0.0018119 0.4398171 0.4100384 0.2152918 0.1839245 0.1892003 0.6668876 0.3550906 0.7262614 0.0735995 0.6548837 0.4460173 
PGlutMN723526.1       0.9968952 0.3992312 0.1941784 0.1766394 0.1883375 0.1933825 0.1975117 0.1766394 0.2031331 0.2046362 0.0911224 0.0799733 0.0857000 0.0801423 0.0799524 0.0018076 0.0018076 0.0799423 0.0553961 0.0799524 0.0800094 0.0814388 0.0807703 0.0894131 0.0838935 0.0027207 0.0000000 0.0018108 0.0923602 0.0807178 0.0895887 0.2130022 0.2072758 0.2000462 0.2067706 0.1969303 0.0721968 0.0877415 0.0027213 0.0849744 0.0944216 0.1953483 0.1816421 0.1999285 0.2053923 0.1999285 0.1904360 0.2141619 0.2104236 0.2132884 0.2103745 0.1957937 0.1841306 0.1841306 0.1866183 0.2038710 0.2038710 0.2093181 0.2072758 0.0904536 0.1957937 0.1969303 0.0895887 0.4222188 0.0018076 0.4074407 0.0027213 0.4351806 0.3995388 0.2087806 0.1816421 0.1869042 0.6473416 0.3506501 0.7171075 0.0721968 0.6387758 0.4346519 
PGlutMN723527.1       0.9949727 0.4046471 0.1944724 0.1769003 0.1881299 0.1934719 0.1978110 0.1769003 0.2031331 0.2049748 0.0912393 0.0800749 0.0858088 0.0800749 0.0800537 0.0000010 0.0000010 0.0800436 0.0554631 0.0800537 0.0800436 0.0814738 0.0807018 0.0893366 0.0838935 0.0009051 0.0018108 0.0000000 0.0896702 0.0808895 0.0870658 0.2135654 0.2078267 0.2045318 0.2073217 0.2013282 0.0723584 0.0878542 0.0009055 0.0850109 0.0944216 0.1995204 0.1821387 0.2004815 0.2059662 0.2004815 0.1909590 0.2188081 0.2110082 0.2138877 0.2149515 0.1963323 0.1846371 0.1846371 0.1871334 0.2044073 0.2044073 0.2098705 0.2078267 0.0904536 0.1963323 0.2013282 0.0870658 0.4243644 0.0000010 0.4099009 0.0009055 0.4360023 0.4030656 0.2114071 0.1821387 0.1874118 0.6526367 0.3506501 0.7106458 0.0723584 0.6431778 0.4404016 
PGlutMN723523.1       1.0082539 0.4251695 0.1837161 0.1750020 0.1756736 0.1818936 0.1834967 0.1750020 0.1883761 0.1917867 0.0469256 0.0787680 0.0458723 0.0787680 0.0178641 0.0905931 0.0905931 0.0178631 0.0794918 0.0178641 0.0178631 0.0188690 0.0777073 0.0417352 0.0172581 0.0912612 0.0923602 0.0896702 0.0000000 0.0171050 0.0540933 0.1901732 0.1826849 0.2009832 0.1929489 0.1959924 0.0967202 0.0417123 0.0921313 0.0373371 0.0419664 0.1917813 0.1680546 0.1989600 0.2043885 0.1989600 0.1914352 0.2051979 0.1997773 0.1976217 0.1996827 0.1986905 0.1704008 0.1704008 0.1701140 0.1796277 0.1796277 0.1938096 0.1826849 0.0338165 0.1986905 0.1959924 0.0540933 0.4340857 0.0905931 0.4587007 0.0921313 0.4869040 0.3742972 0.2040581 0.1680546 0.1916466 0.6890324 0.3446755 0.7318204 0.0967202 0.7268999 0.4804983 
PGlutMN723502.1       1.0198553 0.4054024 0.1785486 0.1700308 0.1703807 0.1754475 0.1783344 0.1698327 0.1820662 0.1832131 0.0373839 0.0703686 0.0352931 0.0705859 0.0073876 0.0806362 0.0806362 0.0000010 0.0699361 0.0073940 0.0000010 0.0083528 0.0699222 0.0324254 0.0069468 0.0820831 0.0807178 0.0808895 0.0171050 0.0000000 0.0475269 0.1977077 0.1830734 0.1974471 0.2005948 0.1925575 0.0890705 0.0364866 0.0821049 0.0301749 0.0332309 0.1957046 0.1675499 0.1954791 0.2008227 0.1954791 0.1880427 0.2055030 0.1962978 0.1941451 0.2018628 0.1877140 0.1698854 0.1698854 0.1696003 0.1800266 0.1800266 0.2013767 0.1830734 0.0253836 0.1877140 0.1925575 0.0475269 0.4298790 0.0806362 0.4343462 0.0821049 0.4659800 0.3780193 0.2049458 0.1675499 0.1882791 0.6457505 0.3576830 0.7364555 0.0890705 0.7095222 0.4521600 
PAlbaJF504320.1       0.9281278 0.3800848 0.1926122 0.1666347 0.1823943 0.1846495 0.1923635 0.1675751 0.1912876 0.1879522 0.0619188 0.0712400 0.0631835 0.0714733 0.0498959 0.0867768 0.0867768 0.0475269 0.0785779 0.0499466 0.0476147 0.0512848 0.0707746 0.0576052 0.0521215 0.0883427 0.0895887 0.0870658 0.0540933 0.0475269 0.0000000 0.2039388 0.1947492 0.2043922 0.2008216 0.2057188 0.0862971 0.0575072 0.0883677 0.0453590 0.0509462 0.1930973 0.1679746 0.2087110 0.2141837 0.2087110 0.2012028 0.2150541 0.2094957 0.2074081 0.2113440 0.1980514 0.1702796 0.1702796 0.1726130 0.1880530 0.1880530 0.2076050 0.1947492 0.0494118 0.1980514 0.2057188 0.0000010 0.4200923 0.0867768 0.3960420 0.0883677 0.4461352 0.3743836 0.1949962 0.1679746 0.2031753 0.6298795 0.3304801 0.6883319 0.0862971 0.6866460 0.3909753 
PFourFJ266740.1       0.9591549 0.4394057 0.2019940 0.1901953 0.1927816 0.1931701 0.1980422 0.1892395 0.1970017 0.1979880 0.1923529 0.1952688 0.1942164 0.1960176 0.1940638 0.2127397 0.2127397 0.1977077 0.1886864 0.1942992 0.1981588 0.1969504 0.1979525 0.1979330 0.1990701 0.2153805 0.2130022 0.2135654 0.1901732 0.1977077 0.2039388 0.0000000 0.0514675 0.1563131 0.0067845 0.1542116 0.2108997 0.2124126 0.2154492 0.2034561 0.2082563 0.1478425 0.1535405 0.1542962 0.1586796 0.1542962 0.1543790 0.1649154 0.1607809 0.1553789 0.1619919 0.1590889 0.1556274 0.1556274 0.1653697 0.0489398 0.0489398 0.0076914 0.0514675 0.2002901 0.1590889 0.1542116 0.2039388 0.4600970 0.2127397 0.4431096 0.2154492 0.4362725 0.4055816 0.2363527 0.1535405 0.1538926 0.7136735 0.3306657 0.6729719 0.2108997 0.7196426 0.4261172 
PFourFJ266741.1       0.9672933 0.4321464 0.1915757 0.1862853 0.1799162 0.1828594 0.1876879 0.1853441 0.1866300 0.1874844 0.1726606 0.1753556 0.1709912 0.1760235 0.1795030 0.2070188 0.2070188 0.1830734 0.1796231 0.1797204 0.1834896 0.1822536 0.1760263 0.1778555 0.1857036 0.2096347 0.2072758 0.2078267 0.1826849 0.1830734 0.1947492 0.0514675 0.0000000 0.1508394 0.0508716 0.1488081 0.2024919 0.2010794 0.2097021 0.1922453 0.1944280 0.1488705 0.1537241 0.1424381 0.1466679 0.1424381 0.1457251 0.1611099 0.1520646 0.1466785 0.1598596 0.1504031 0.1558340 0.1558340 0.1623069 0.0038329 0.0038329 0.0514743 0.0000010 0.1852634 0.1504031 0.1488081 0.1947492 0.4605466 0.2070188 0.4628188 0.2097021 0.4403311 0.4049456 0.2177097 0.1537241 0.1389206 0.6725955 0.3285400 0.6927407 0.2024919 0.6670002 0.4490814 
POuacFJ611355.1       0.9862221 0.4096959 0.2063910 0.1953351 0.1910753 0.2009444 0.2061161 0.1961741 0.2050331 0.2050331 0.1956492 0.1822584 0.1900160 0.1829883 0.1897854 0.2036942 0.2036942 0.1974471 0.1842230 0.1900293 0.1979260 0.1928042 0.1830519 0.1963504 0.1990792 0.2064272 0.2000462 0.2045318 0.2009832 0.1974471 0.2043922 0.1563131 0.1508394 0.0000000 0.1580346 0.0009603 0.2008098 0.2012546 0.2064972 0.2016409 0.2132381 0.1275863 0.1619417 0.0231875 0.0254624 0.0231875 0.0285370 0.0160909 0.0220455 0.0362346 0.0149573 0.0463475 0.1596772 0.1596772 0.1569572 0.1482254 0.1482254 0.1596760 0.1508394 0.2056462 0.0463475 0.0009603 0.2043922 0.4388312 0.2036942 0.4376550 0.2064972 0.4517529 0.3810477 0.2250358 0.1619417 0.0373973 0.6275729 0.3520238 0.6140344 0.2008098 0.6194342 0.3906484 
PFourFJ611416.1       0.9721553 0.4366127 0.1975139 0.1893411 0.1879102 0.1886532 0.1935524 0.1883792 0.1924944 0.1924944 0.1897516 0.1963289 0.1916270 0.1970911 0.1968896 0.2065135 0.2065135 0.2005948 0.1896412 0.1971316 0.2010587 0.1998406 0.1990614 0.1953401 0.2021096 0.2091333 0.2067706 0.2073217 0.1929489 0.2005948 0.2008216 0.0067845 0.0508716 0.1580346 0.0000000 0.1563508 0.2158987 0.2099264 0.2092007 0.2046311 0.2095750 0.1498077 0.1590100 0.1531244 0.1575388 0.1531244 0.1565225 0.1672599 0.1630259 0.1575498 0.1642744 0.1579708 0.1611649 0.1611649 0.1677031 0.0483268 0.0483268 0.0009578 0.0508716 0.2042912 0.1579708 0.1563508 0.2008216 0.4569870 0.2065135 0.4360714 0.2092007 0.4362140 0.4059387 0.2284199 0.1590100 0.1560188 0.6980937 0.3317045 0.6620276 0.2158987 0.7155829 0.4170064 
POuacFJ611356.1       0.9643690 0.4072766 0.2012819 0.1904604 0.1858967 0.1959439 0.2010180 0.1913016 0.1999419 0.2030417 0.1926454 0.1794917 0.1871114 0.1802001 0.1887706 0.2005157 0.2005157 0.1925575 0.1814479 0.1890101 0.1930170 0.1917410 0.1802388 0.1933217 0.1978798 0.2031863 0.1969303 0.2013282 0.1959924 0.1925575 0.2057188 0.1542116 0.1488081 0.0009603 0.1563508 0.0000000 0.1977360 0.1981153 0.2032543 0.1984969 0.2096646 0.1243540 0.1578779 0.0218927 0.0241253 0.0218927 0.0271587 0.0169448 0.0207733 0.0347332 0.0158142 0.0469630 0.1556744 0.1556744 0.1529888 0.1462485 0.1462485 0.1575216 0.1488081 0.2034910 0.0469630 0.0000010 0.2057188 0.4388312 0.2005157 0.4376550 0.2032543 0.4456909 0.3810477 0.2250358 0.1578779 0.0358757 0.6275729 0.3453136 0.6140344 0.1977360 0.6194342 0.3906484 
PKiamFJ266739.1       0.9902723 0.4271695 0.1969719 0.1643686 0.1793482 0.1879062 0.1929190 0.1635297 0.1918346 0.1929008 0.1028041 0.0830543 0.1014104 0.0833352 0.0918154 0.0721200 0.0721200 0.0890705 0.0588883 0.0919155 0.0892487 0.0936088 0.0826918 0.0997195 0.0945976 0.0735995 0.0721968 0.0723584 0.0967202 0.0890705 0.0862971 0.2108997 0.2024919 0.2008098 0.2158987 0.1977360 0.0000000 0.0981089 0.0736201 0.0922776 0.0943521 0.1891167 0.1637654 0.1969006 0.2022173 0.1969006 0.1895123 0.2107676 0.1977095 0.1993584 0.2070923 0.2023305 0.1660600 0.1660600 0.1766099 0.1955885 0.1955885 0.2183427 0.2024919 0.0962207 0.2023305 0.1977360 0.0862971 0.4432592 0.0721200 0.4674532 0.0736201 0.4463298 0.3778717 0.2333194 0.1637654 0.1824158 0.7437594 0.3561608 0.7193020 0.0000010 0.7519793 0.4704899 
PMissMN723517.1       1.0344994 0.3937261 0.1834701 0.1731093 0.1708584 0.1769565 0.1824504 0.1729099 0.1874762 0.1887187 0.0430309 0.0753914 0.0399808 0.0756232 0.0368878 0.0867959 0.0869567 0.0370572 0.0754672 0.0370932 0.0371191 0.0382371 0.0749923 0.0373439 0.0383380 0.0891415 0.0877415 0.0878542 0.0417123 0.0364866 0.0575072 0.2124126 0.2010794 0.2012546 0.2099264 0.1981153 0.0981089 0.0000000 0.0886336 0.0207475 0.0296119 0.1884099 0.1726797 0.1992079 0.2046646 0.1992079 0.1954689 0.2074317 0.1980769 0.2017315 0.2037307 0.2008928 0.1750822 0.1750822 0.1747848 0.1941162 0.1941162 0.2124535 0.2010794 0.0276550 0.2008928 0.1981153 0.0575072 0.4251147 0.0867959 0.4194674 0.0886336 0.4605485 0.3584251 0.2076621 0.1726797 0.1899479 0.6323852 0.3642681 0.6597162 0.0981089 0.7041153 0.4388272 
PMissMN723531.1       1.0056250 0.4100635 0.1967804 0.1777089 0.1869162 0.1944689 0.2001179 0.1775014 0.2059060 0.2074606 0.0920065 0.0821331 0.0865855 0.0823896 0.0820729 0.0008990 0.0008990 0.0821664 0.0563625 0.0822593 0.0823180 0.0837609 0.0830362 0.0905930 0.0838935 0.0018119 0.0027213 0.0009055 0.0921313 0.0821049 0.0883677 0.2154492 0.2097021 0.2064972 0.2092007 0.2032543 0.0736201 0.0886336 0.0000000 0.0860621 0.0944216 0.2013459 0.1839860 0.2024098 0.2079323 0.2024098 0.1928423 0.2208483 0.2129794 0.2158910 0.2122713 0.1982364 0.1865033 0.1865033 0.1890142 0.2062529 0.2062529 0.2117388 0.2097021 0.0922306 0.1982364 0.2032543 0.0883677 0.4308562 0.0008990 0.4132732 0.0000010 0.4386353 0.4102427 0.2153932 0.1839860 0.1892630 0.6526367 0.3506501 0.7106458 0.0736201 0.6316832 0.4462918 
PMissMN723530.1       1.0266950 0.4016762 0.1878923 0.1790458 0.1797229 0.1825976 0.1876663 0.1790458 0.1930300 0.1943561 0.0477744 0.0685669 0.0445545 0.0686522 0.0308112 0.0845803 0.0845803 0.0308077 0.0729361 0.0308112 0.0308077 0.0318876 0.0679851 0.0416464 0.0281044 0.0864421 0.0849744 0.0850109 0.0373371 0.0301749 0.0453590 0.2034561 0.1922453 0.2016409 0.2046311 0.1984969 0.0922776 0.0207475 0.0860621 0.0000000 0.0117981 0.1905428 0.1721873 0.2015083 0.2069967 0.2015083 0.1939110 0.2078188 0.2023240 0.2040481 0.2041156 0.1993185 0.1745776 0.1745776 0.1779679 0.1890482 0.1890482 0.2071940 0.1922453 0.0084894 0.1993185 0.1984969 0.0453590 0.4298179 0.0845803 0.4396255 0.0860621 0.4778485 0.3680417 0.2034757 0.1721873 0.1921975 0.6525020 0.3650835 0.7114820 0.0922776 0.7090140 0.4616374 
PMissMN723519.1       1.0483611 0.4329101 0.1918101 0.1796982 0.1887001 0.1898158 0.1915624 0.1796982 0.1912281 0.1929438 0.0535378 0.0735736 0.0500440 0.0735736 0.0329313 0.0944216 0.0944216 0.0329273 0.0822091 0.0329313 0.0329273 0.0329313 0.0735736 0.0467263 0.0288556 0.0960393 0.0944216 0.0944216 0.0419664 0.0332309 0.0509462 0.2082563 0.1944280 0.2132381 0.2095750 0.2096646 0.0943521 0.0296119 0.0944216 0.0117981 0.0000000 0.1938499 0.1771247 0.2087042 0.2146811 0.2087042 0.2130028 0.2159396 0.2096349 0.2177816 0.2098186 0.2167012 0.1797197 0.1797197 0.1755651 0.1910017 0.1910017 0.2122586 0.1944280 0.0011113 0.2167012 0.2096646 0.0509462 0.4507216 0.0944216 0.4518221 0.0944216 0.4950495 0.3877434 0.2005561 0.1771247 0.2025580 0.6330569 0.3812108 0.6985701 0.0943521 0.7221031 0.4791852 
PCadoFJ266742.1       0.9326622 0.3804452 0.1677357 0.1714900 0.1561437 0.1594564 0.1640791 0.1706436 0.1630075 0.1653607 0.1957720 0.1738706 0.1940490 0.1745258 0.1956685 0.1987545 0.1987545 0.1957046 0.1764111 0.1959057 0.1961498 0.1985676 0.1762116 0.2014066 0.1975149 0.2012818 0.1953483 0.1995204 0.1917813 0.1957046 0.1930973 0.1478425 0.1488705 0.1275863 0.1498077 0.1243540 0.1891167 0.1884099 0.2013459 0.1905428 0.1938499 0.0000000 0.1163327 0.1280892 0.1320828 0.1280892 0.1250657 0.1323684 0.1304723 0.1370918 0.1313738 0.1366837 0.1181074 0.1181074 0.1209243 0.1448125 0.1448125 0.1509961 0.1488705 0.1943345 0.1366837 0.1243540 0.1930973 0.4114280 0.1987545 0.3515797 0.2013459 0.3800246 0.3158653 0.2099827 0.1163327 0.1196413 0.6290174 0.3126201 0.5925159 0.1891167 0.5897375 0.3289301 
PCadoFJ266743.1       0.8880056 0.4217771 0.1962907 0.1628175 0.1947573 0.1919596 0.1970092 0.1619945 0.1959277 0.1989572 0.1590180 0.1611522 0.1563558 0.1617822 0.1675191 0.1814097 0.1814097 0.1675499 0.1617159 0.1677290 0.1679419 0.1702535 0.1633997 0.1666988 0.1733385 0.1839245 0.1816421 0.1821387 0.1680546 0.1675499 0.1679746 0.1535405 0.1537241 0.1619417 0.1590100 0.1578779 0.1637654 0.1726797 0.1839860 0.1721873 0.1771247 0.1163327 0.0000000 0.1614105 0.1660966 0.1614105 0.1502563 0.1648106 0.1638017 0.1566288 0.1617724 0.1536530 0.0028715 0.0028715 0.0167179 0.1543671 0.1543671 0.1601630 0.1537241 0.1736513 0.1536530 0.1578779 0.1679746 0.4510485 0.1814097 0.4456643 0.1839860 0.4570335 0.3712568 0.1910689 0.0000010 0.1450132 0.7325312 0.2952509 0.7274487 0.1637654 0.7423486 0.4324753 
POuacFJ266744.1       0.9573791 0.3981635 0.1994347 0.1868280 0.1838806 0.1941096 0.1991733 0.1876786 0.1980945 0.2011627 0.1880345 0.1786346 0.1862418 0.1793414 0.1916578 0.1996704 0.1996704 0.1954791 0.1842381 0.1919023 0.1959482 0.1946718 0.1793728 0.1886998 0.1969291 0.2023419 0.1999285 0.2004815 0.1989600 0.1954791 0.2087110 0.1542962 0.1424381 0.0231875 0.1531244 0.0218927 0.1969006 0.1992079 0.2024098 0.2015083 0.2087042 0.1280892 0.1614105 0.0000000 0.0019175 0.0000010 0.0188084 0.0308450 0.0229347 0.0325641 0.0306422 0.0447045 0.1591756 0.1591756 0.1599236 0.1368060 0.1368060 0.1543222 0.1424381 0.2080355 0.0447045 0.0218927 0.2087110 0.4283222 0.1996704 0.4344917 0.2024098 0.4334304 0.3742133 0.2209526 0.1614105 0.0315246 0.6137831 0.3403181 0.6226638 0.1969006 0.5932114 0.4048924 
POuacFJ266745.1       0.9779054 0.4079354 0.2048593 0.1920494 0.1894865 0.1994562 0.2045882 0.1928920 0.2035095 0.2066949 0.1932471 0.1836938 0.1914268 0.1844281 0.1969386 0.2051246 0.2051246 0.2008227 0.1893398 0.1971922 0.2013097 0.2000330 0.1845041 0.1939446 0.2025501 0.2078619 0.2053923 0.2059662 0.2043885 0.2008227 0.2141837 0.1586796 0.1466679 0.0254624 0.1575388 0.0241253 0.2022173 0.2046646 0.2079323 0.2069967 0.2146811 0.1320828 0.1660966 0.0019175 0.0000000 0.0019175 0.0209989 0.0332412 0.0251821 0.0349538 0.0330212 0.0472665 0.1638087 0.1638087 0.1645960 0.1409186 0.1409186 0.1587067 0.1466679 0.2141311 0.0472665 0.0241253 0.2141837 0.4397169 0.2051246 0.4476854 0.2079323 0.4437600 0.3865438 0.2288865 0.1660966 0.0339022 0.6366207 0.3479832 0.6444051 0.2022173 0.6111470 0.4207020 
POuacFJ266746.1       0.9573791 0.3981635 0.1994347 0.1868280 0.1838806 0.1941096 0.1991733 0.1876786 0.1980945 0.2011627 0.1880345 0.1786346 0.1862418 0.1793414 0.1916578 0.1996704 0.1996704 0.1954791 0.1842381 0.1919023 0.1959482 0.1946718 0.1793728 0.1886998 0.1969291 0.2023419 0.1999285 0.2004815 0.1989600 0.1954791 0.2087110 0.1542962 0.1424381 0.0231875 0.1531244 0.0218927 0.1969006 0.1992079 0.2024098 0.2015083 0.2087042 0.1280892 0.1614105 0.0000010 0.0019175 0.0000000 0.0188084 0.0308450 0.0229347 0.0325641 0.0306422 0.0447045 0.1591756 0.1591756 0.1599236 0.1368060 0.1368060 0.1543222 0.1424381 0.2080355 0.0447045 0.0218927 0.2087110 0.4283222 0.1996704 0.4344917 0.2024098 0.4334304 0.3742133 0.2209526 0.1614105 0.0315246 0.6137831 0.3403181 0.6226638 0.1969006 0.5932114 0.4048924 
POuacFJ266747.1       0.9653213 0.4116151 0.1957296 0.1745988 0.1839920 0.1904355 0.1954737 0.1754719 0.1943905 0.1973924 0.1881387 0.1786993 0.1826334 0.1794067 0.1842773 0.1901917 0.1901917 0.1880427 0.1770442 0.1845111 0.1884911 0.1872055 0.1794386 0.1850607 0.1911215 0.1927778 0.1904360 0.1909590 0.1914352 0.1880427 0.2012028 0.1543790 0.1457251 0.0285370 0.1565225 0.0271587 0.1895123 0.1954689 0.1928423 0.1939110 0.2130028 0.1250657 0.1502563 0.0188084 0.0209989 0.0188084 0.0000000 0.0319549 0.0239935 0.0358628 0.0317446 0.0391160 0.1481306 0.1481306 0.1555264 0.1432029 0.1432029 0.1576928 0.1457251 0.2110187 0.0391160 0.0271587 0.2012028 0.4495806 0.1901917 0.4319452 0.1928423 0.4324611 0.3790970 0.2251042 0.1502563 0.0283120 0.6198681 0.3274963 0.6354914 0.1895123 0.6081857 0.4114347 
POuacFJ266749.1       0.9835770 0.4240638 0.2126195 0.1898962 0.1937777 0.2071033 0.2123342 0.1907518 0.2112558 0.2146132 0.2016719 0.1880971 0.1998135 0.1888563 0.1976972 0.2179007 0.2179007 0.2055030 0.1937954 0.1979535 0.2060064 0.2008200 0.1889722 0.2024202 0.2075541 0.2207729 0.2141619 0.2188081 0.2051979 0.2055030 0.2150541 0.1649154 0.1611099 0.0160909 0.1672599 0.0169448 0.2107676 0.2074317 0.2208483 0.2078188 0.2159396 0.1323684 0.1648106 0.0308450 0.0332412 0.0308450 0.0319549 0.0000000 0.0274755 0.0443563 0.0048934 0.0524321 0.1625222 0.1625222 0.1633037 0.1583541 0.1583541 0.1683534 0.1611099 0.2159991 0.0524321 0.0169448 0.2150541 0.4652928 0.2179007 0.4550310 0.2208483 0.4545269 0.3888204 0.2261623 0.1648106 0.0432656 0.6581851 0.3541714 0.6618626 0.2107676 0.6600936 0.4059968 
POuacFJ266750.1       0.9738374 0.4181597 0.2031434 0.1876519 0.1878570 0.1977904 0.2028767 0.1884978 0.2018030 0.2049361 0.1963789 0.1794784 0.1908060 0.1801867 0.1924826 0.2101512 0.2101512 0.1962978 0.1850654 0.1927275 0.1967677 0.1954965 0.1802253 0.1932953 0.1998748 0.2129080 0.2104236 0.2110082 0.1997773 0.1962978 0.2094957 0.1607809 0.1520646 0.0220455 0.1630259 0.0207733 0.1977095 0.1980769 0.2129794 0.2023240 0.2096349 0.1304723 0.1638017 0.0229347 0.0251821 0.0229347 0.0239935 0.0274755 0.0000000 0.0336421 0.0272959 0.0458234 0.1615416 0.1615416 0.1588449 0.1462390 0.1462390 0.1641407 0.1520646 0.2075949 0.0458234 0.0207733 0.2094957 0.4410593 0.2101512 0.4529434 0.2129794 0.4271276 0.3882102 0.2316483 0.1638017 0.0282857 0.6314661 0.3452862 0.6411070 0.1977095 0.6370168 0.4179224 
