78
EMultAY528337.1       0.0000000 0.9013642 0.8885905 0.8851231 0.8594165 0.8952953 0.9061790 0.8851231 0.8456885 0.8714684 1.0114050 0.9482354 1.0106063 0.9482354 1.0276552 0.9961577 1.0000842 1.0294203 0.9399872 1.0210738 1.0294203 1.0337475 0.9426846 0.9814093 0.9421270 1.0081638 0.9954630 0.9935414 1.0068514 1.0183841 0.9268322 0.9579472 0.9660959 0.9847237 0.9708877 0.9629333 0.9888679 1.0329664 1.0041794 1.0252206 1.0468329 0.9313811 0.8867464 0.9559342 0.9764212 0.9559342 0.9639686 0.9820061 0.9723971 0.9510799 0.9649798 0.9720299 0.9079813 0.9079813 0.8892030 0.9703018 0.9703018 0.9546050 0.9660959 0.9078524 0.9720299 0.9629333 0.9268322 0.7747566 0.9961577 0.7695773 1.0041794 0.9472324 0.8525209 0.7959649 0.8867464 0.9730619 0.5441143 0.8784546 0.7585892 0.9888679 0.8005935 0.7370232 
PCineMN895700.1       0.9013642 0.0000000 0.4291015 0.3745179 0.4403627 0.4406679 0.4370195 0.3794322 0.4340953 0.4408252 0.4082954 0.3780140 0.3971486 0.3772248 0.4003882 0.4023576 0.4035506 0.4096908 0.3937571 0.4014983 0.4082473 0.4069964 0.3826391 0.4260161 0.4055372 0.4109065 0.3991260 0.4045424 0.4250370 0.4052810 0.3799980 0.4392736 0.4320141 0.4095701 0.4364812 0.4071529 0.4270288 0.3936100 0.4099513 0.4015630 0.4327653 0.3803420 0.4216365 0.3980521 0.4078198 0.3980521 0.4114822 0.4239174 0.4180296 0.3993104 0.4251614 0.4135931 0.4332356 0.4332356 0.4220604 0.4395024 0.4395024 0.4366792 0.4320141 0.4331396 0.4135931 0.4071529 0.3799980 0.0189852 0.4023576 0.1083117 0.4099513 0.2009299 0.3177182 0.4822988 0.4216365 0.3752952 0.6102848 0.3484337 0.6027697 0.4270288 0.6358577 0.1014984 
PSheXAurT017040       0.8885905 0.4291015 0.0000000 0.1707402 0.0149090 0.0073142 0.0036219 0.1721842 0.0038989 0.0039442 0.1870364 0.1676034 0.1821175 0.1665859 0.1817938 0.1940729 0.1940729 0.1771604 0.1800693 0.1808166 0.1758924 0.1832586 0.1681215 0.1826081 0.1807856 0.1981640 0.1941945 0.1944885 0.1837165 0.1785495 0.1926167 0.2019931 0.1915755 0.2063883 0.1975139 0.2012801 0.1969839 0.1834678 0.1967956 0.1878940 0.1918123 0.1677353 0.1962962 0.1994316 0.2048589 0.1994316 0.1957281 0.2126176 0.2031406 0.2029523 0.2088600 0.2097721 0.1950720 0.1950720 0.1822323 0.1865866 0.1865866 0.1983403 0.1915755 0.2033522 0.2097721 0.2012801 0.1926167 0.4747950 0.1940729 0.4290139 0.1967956 0.4291117 0.4006941 0.2197344 0.1962962 0.1874374 0.6302640 0.3583944 0.6473622 0.1969839 0.6712390 0.3873446 
PmetT017041           0.8851231 0.3745179 0.1707402 0.0000000 0.1652837 0.1691404 0.1731400 0.0000010 0.1733381 0.1761687 0.1684294 0.1602390 0.1617457 0.1606275 0.1711887 0.1746284 0.1750067 0.1721777 0.1642686 0.1722004 0.1723498 0.1745540 0.1622523 0.1705549 0.1669040 0.1789116 0.1766437 0.1769046 0.1750013 0.1700304 0.1666376 0.1901949 0.1862867 0.1953339 0.1893414 0.1904599 0.1643761 0.1731041 0.1777127 0.1790459 0.1797001 0.1714868 0.1628210 0.1868281 0.1920523 0.1868281 0.1746006 0.1898989 0.1876487 0.1892241 0.1882947 0.1922072 0.1650870 0.1650870 0.1648386 0.1867381 0.1867381 0.1902414 0.1862867 0.1739180 0.1922072 0.1904599 0.1666376 0.3761849 0.1746284 0.3880371 0.1777127 0.4516923 0.3331770 0.1638215 0.1628210 0.1689073 0.6751131 0.3455272 0.6673979 0.1643761 0.6718930 0.3713789 
PcylT017043           0.8594165 0.4403627 0.0149090 0.1652837 0.0000000 0.0128591 0.0128126 0.1652837 0.0127975 0.0129767 0.1762758 0.1600192 0.1719090 0.1600192 0.1733004 0.1860231 0.1864598 0.1690508 0.1725470 0.1743941 0.1690508 0.1743941 0.1601866 0.1734798 0.1735146 0.1908876 0.1883502 0.1881425 0.1756753 0.1703832 0.1823974 0.1927835 0.1799179 0.1910769 0.1879130 0.1858989 0.1793628 0.1708582 0.1869286 0.1797265 0.1887031 0.1561453 0.1947644 0.1838815 0.1894904 0.1838815 0.1839935 0.1937776 0.1878583 0.1894904 0.1879700 0.2050704 0.1934352 0.1934352 0.1797201 0.1747495 0.1747495 0.1889062 0.1799179 0.1935373 0.2050704 0.1858989 0.1823974 0.4805344 0.1860231 0.4516449 0.1869286 0.4222020 0.3985907 0.2011064 0.1947644 0.1791542 0.5912382 0.3523749 0.6195426 0.1793628 0.6687724 0.4322382 
PaurT017044           0.8952953 0.4406679 0.0073142 0.1691404 0.0128591 0.0000000 0.0054598 0.1691404 0.0048811 0.0049379 0.1839465 0.1597283 0.1790492 0.1599591 0.1787260 0.1917854 0.1917854 0.1741106 0.1736314 0.1791959 0.1741106 0.1814390 0.1614217 0.1807823 0.1806916 0.1958306 0.1933966 0.1934859 0.1818948 0.1754495 0.1846520 0.1931705 0.1828602 0.2009432 0.1886545 0.1959434 0.1879191 0.1769555 0.1944824 0.1826003 0.1898190 0.1594569 0.1919689 0.1941079 0.1994573 0.1941079 0.1904354 0.2071029 0.1977890 0.1975662 0.2034122 0.2082552 0.1907328 0.1907328 0.1816666 0.1780132 0.1780132 0.1895689 0.1828602 0.2032357 0.2082552 0.1959434 0.1846520 0.4836873 0.1917854 0.4323517 0.1944824 0.4273006 0.3976669 0.2223202 0.1919689 0.1859570 0.6413081 0.3598824 0.6585323 0.1879191 0.6759454 0.3886564 
PaurT017045           0.9061790 0.4370195 0.0036219 0.1731400 0.0128126 0.0054598 0.0000000 0.1745827 0.0000010 0.0000010 0.1894201 0.1683544 0.1846876 0.1673417 0.1809768 0.1967063 0.1971458 0.1769519 0.1798563 0.1806028 0.1756852 0.1830406 0.1688791 0.1858382 0.1805512 0.2015281 0.1975286 0.1978279 0.1834979 0.1783360 0.1923688 0.1980424 0.1876886 0.2061144 0.1935535 0.2010171 0.1929319 0.1824488 0.2001339 0.1876688 0.1915655 0.1640794 0.1970184 0.1991712 0.2045888 0.1991712 0.1954732 0.2123333 0.2028748 0.2026851 0.2085833 0.2134145 0.1957932 0.1957932 0.1829070 0.1827709 0.1827709 0.1944181 0.1876886 0.2030634 0.2134145 0.2010171 0.1923688 0.4874119 0.1967063 0.4356991 0.2001339 0.4259126 0.3998483 0.2249548 0.1970184 0.1909342 0.6465487 0.3676808 0.6579877 0.1929319 0.6784952 0.3911889 
PMetXChlT017050       0.8851231 0.3794322 0.1721842 0.0000010 0.1652837 0.1691404 0.1745827 0.0000000 0.1733381 0.1761687 0.1680707 0.1600567 0.1614038 0.1606275 0.1709927 0.1744265 0.1748040 0.1719795 0.1640825 0.1722004 0.1723498 0.1745540 0.1622523 0.1705549 0.1669040 0.1787014 0.1766437 0.1769046 0.1750013 0.1698323 0.1675777 0.1892391 0.1853455 0.1961725 0.1883795 0.1913007 0.1635371 0.1729048 0.1775052 0.1790459 0.1797001 0.1706403 0.1619980 0.1876784 0.1928946 0.1876784 0.1754733 0.1907542 0.1884942 0.1900713 0.1891483 0.1930423 0.1642479 0.1642479 0.1640020 0.1858016 0.1858016 0.1892852 0.1853455 0.1739180 0.1930423 0.1913007 0.1675777 0.3761849 0.1744265 0.3880371 0.1775052 0.4510292 0.3331770 0.1638215 0.1619980 0.1697925 0.6751131 0.3455272 0.6673979 0.1635371 0.6718930 0.3717870 
PSheXTeyT017990       0.8456885 0.4340953 0.0038989 0.1733381 0.0127975 0.0048811 0.0000010 0.1733381 0.0000000 0.0000010 0.1916624 0.1738087 0.1898732 0.1738087 0.1857566 0.2031499 0.2031499 0.1820671 0.1833418 0.1857566 0.1820671 0.1882265 0.1755461 0.1926849 0.1861270 0.2058532 0.2031499 0.2031499 0.1883760 0.1820671 0.1912933 0.1970022 0.1866311 0.2050319 0.1924958 0.1999414 0.1918478 0.1874738 0.2059224 0.1930323 0.1912319 0.1630082 0.1959373 0.1980928 0.2035105 0.1980928 0.1943904 0.2112554 0.2018016 0.2016043 0.2075075 0.2123543 0.1947065 0.1947065 0.1818162 0.1817164 0.1817164 0.1933735 0.1866311 0.2030634 0.2123543 0.1999414 0.1912933 0.4874119 0.2031499 0.4356991 0.2059224 0.4143453 0.3998483 0.2249548 0.1959373 0.1898525 0.6465487 0.3619018 0.6579877 0.1918478 0.6784952 0.3899113 
PaurT017991           0.8714684 0.4408252 0.0039442 0.1761687 0.0129767 0.0049379 0.0000010 0.1761687 0.0000010 0.0000000 0.1929574 0.1748311 0.1911407 0.1751099 0.1888003 0.2046536 0.2046536 0.1832143 0.1845110 0.1888003 0.1832143 0.1913293 0.1768879 0.1943216 0.1896308 0.2074069 0.2046536 0.2049922 0.1917864 0.1832143 0.1879590 0.1979887 0.1874856 0.2050319 0.1924958 0.2030411 0.1929145 0.1887166 0.2074775 0.1943587 0.1929479 0.1653614 0.1989668 0.2011608 0.2066958 0.2011608 0.1973921 0.2146125 0.2049344 0.2047552 0.2107735 0.2116855 0.1977259 0.1977259 0.1845793 0.1825006 0.1825006 0.1943121 0.1874856 0.2030634 0.2116855 0.2030411 0.1879590 0.4874119 0.2046536 0.4356991 0.2074775 0.4234942 0.3998483 0.2249548 0.1989668 0.1927560 0.6465487 0.3676103 0.6579877 0.1929145 0.6784952 0.3886564 
PGrobMN723505.1       1.0114050 0.4082954 0.1870364 0.1684294 0.1762758 0.1839465 0.1894201 0.1680707 0.1916624 0.1929574 0.0000000 0.0844583 0.0045118 0.0847191 0.0367220 0.0901509 0.0903176 0.0389842 0.0796477 0.0369255 0.0390493 0.0380633 0.0842111 0.0168752 0.0359079 0.0925420 0.0911315 0.0912483 0.0469273 0.0373850 0.0619240 0.1923524 0.1726624 0.1956544 0.1897515 0.1926507 0.1028127 0.0430322 0.0920155 0.0477761 0.0535404 0.1957677 0.1590334 0.1880414 0.1932569 0.1880414 0.1881461 0.2016783 0.1963828 0.1867066 0.1980937 0.1934503 0.1648063 0.1648063 0.1680946 0.1697606 0.1697606 0.1888318 0.1726624 0.0447518 0.1934503 0.1926507 0.0619240 0.4184176 0.0901509 0.4221609 0.0920155 0.4647467 0.3724400 0.1908791 0.1590334 0.1883657 0.6179918 0.3591163 0.6674151 0.1028127 0.6865092 0.4407050 
PGlutMN723507.1       0.9482354 0.3780140 0.1676034 0.1602390 0.1600192 0.1597283 0.1683544 0.1600567 0.1738087 0.1748311 0.0844583 0.0000000 0.0786069 0.0000010 0.0714346 0.0803747 0.0805220 0.0717890 0.0648380 0.0718637 0.0719187 0.0732803 0.0000010 0.0733424 0.0713421 0.0813308 0.0799772 0.0800788 0.0787708 0.0703709 0.0712423 0.1952634 0.1753536 0.1822598 0.1963237 0.1794932 0.0830606 0.0753936 0.0821369 0.0685690 0.0735771 0.1738652 0.1611702 0.1786388 0.1837009 0.1786388 0.1787021 0.1881004 0.1794801 0.1865553 0.1846941 0.1839307 0.1634529 0.1634529 0.1667607 0.1758750 0.1758750 0.1989363 0.1753536 0.0714170 0.1839307 0.1794932 0.0712423 0.4085415 0.0803747 0.4191465 0.0821369 0.4357889 0.3783046 0.1904476 0.1611702 0.1693422 0.6200416 0.3252271 0.6783494 0.0830606 0.6466533 0.4094463 
PGrobMN723506.1       1.0106063 0.3971486 0.1821175 0.1617457 0.1719090 0.1790492 0.1846876 0.1614038 0.1898732 0.1911407 0.0045118 0.0786069 0.0000000 0.0788483 0.0336494 0.0847935 0.0849488 0.0358745 0.0736317 0.0338351 0.0359341 0.0349532 0.0782375 0.0139914 0.0336687 0.0870822 0.0857065 0.0858154 0.0458738 0.0352940 0.0631888 0.1942157 0.1709928 0.1900213 0.1916267 0.1871166 0.1014187 0.0399818 0.0865919 0.0445560 0.0500462 0.1940446 0.1563737 0.1862485 0.1914365 0.1862485 0.1826407 0.1998198 0.1908100 0.1849124 0.1962585 0.1916442 0.1621199 0.1621199 0.1654017 0.1681125 0.1681125 0.1906824 0.1709928 0.0422849 0.1916442 0.1871166 0.0631888 0.4123511 0.0847935 0.4149938 0.0865919 0.4538474 0.3728881 0.1859118 0.1563737 0.1829017 0.6189244 0.3594278 0.6683987 0.1014187 0.6873381 0.4318529 
PGlutMN723508.1       0.9482354 0.3772248 0.1665859 0.1606275 0.1600192 0.1599591 0.1673417 0.1606275 0.1738087 0.1751099 0.0847191 0.0000010 0.0788483 0.0000000 0.0716519 0.0806236 0.0807719 0.0720084 0.0650343 0.0720124 0.0720084 0.0733720 0.0000010 0.0733424 0.0713421 0.0815859 0.0801463 0.0800788 0.0787708 0.0705883 0.0714757 0.1960122 0.1760215 0.1829897 0.1970859 0.1802016 0.0833416 0.0756254 0.0823935 0.0686543 0.0735771 0.1745204 0.1618002 0.1793456 0.1844352 0.1793456 0.1794095 0.1888596 0.1801884 0.1873009 0.1854327 0.1846602 0.1640956 0.1640956 0.1674176 0.1765402 0.1765402 0.1997011 0.1760215 0.0714170 0.1846602 0.1802016 0.0714757 0.4085415 0.0806236 0.4191465 0.0823935 0.4379017 0.3783046 0.1904476 0.1618002 0.1700064 0.6200416 0.3252271 0.6783494 0.0833416 0.6466533 0.4129232 
PGlutMN723510.1       1.0276552 0.4003882 0.1817938 0.1711887 0.1733004 0.1787260 0.1809768 0.1709927 0.1857566 0.1888003 0.0367220 0.0714346 0.0336494 0.0716519 0.0000000 0.0803250 0.0804717 0.0072956 0.0677787 0.0000010 0.0073070 0.0009028 0.0710044 0.0320383 0.0019647 0.0813098 0.0799602 0.0800615 0.0178644 0.0073877 0.0498999 0.1940610 0.1795016 0.1897884 0.1968867 0.1887733 0.0918229 0.0368888 0.0820809 0.0308121 0.0329325 0.1956623 0.1675378 0.1916619 0.1969455 0.1916619 0.1842821 0.1977018 0.1924840 0.1903270 0.1941630 0.1914153 0.1698726 0.1698726 0.1695877 0.1765040 0.1765040 0.1977043 0.1795016 0.0277127 0.1914153 0.1887733 0.0498999 0.4253189 0.0803250 0.4289722 0.0820809 0.4588665 0.3728645 0.2021914 0.1675378 0.1845435 0.6564739 0.3619994 0.7356789 0.0918229 0.7120425 0.4460403 
PGlutMN723529.1       0.9961577 0.4023576 0.1940729 0.1746284 0.1860231 0.1917854 0.1967063 0.1744265 0.2031499 0.2046536 0.0901509 0.0803747 0.0847935 0.0806236 0.0803250 0.0000000 0.0000010 0.0807235 0.0551059 0.0808145 0.0808717 0.0823012 0.0812507 0.0890775 0.0839023 0.0009027 0.0018076 0.0000010 0.0906019 0.0806439 0.0867834 0.2127396 0.2070197 0.2037015 0.2065148 0.2005231 0.0721291 0.0868025 0.0008990 0.0845866 0.0944282 0.1987560 0.1814361 0.1996800 0.2051373 0.1996800 0.1902026 0.2179076 0.2101564 0.2130207 0.2140728 0.1955504 0.1839201 0.1839201 0.1864073 0.2036223 0.2036223 0.2090608 0.2070197 0.0904610 0.1955504 0.2005231 0.0867834 0.4242394 0.0000010 0.4097902 0.0008990 0.4305083 0.4029478 0.2114248 0.1814361 0.1866744 0.6520471 0.3505919 0.7098920 0.0721291 0.6426097 0.4365170 
PGlutMN723528.1       1.0000842 0.4035506 0.1940729 0.1750067 0.1864598 0.1917854 0.1971458 0.1748040 0.2031499 0.2046536 0.0903176 0.0805220 0.0849488 0.0807719 0.0804717 0.0000010 0.0000000 0.0807235 0.0551059 0.0808145 0.0808717 0.0823012 0.0814013 0.0890775 0.0839023 0.0009027 0.0018076 0.0000010 0.0906019 0.0806439 0.0867834 0.2127396 0.2070197 0.2037015 0.2065148 0.2005231 0.0721291 0.0869633 0.0008990 0.0845866 0.0944282 0.1987560 0.1814361 0.1996800 0.2051373 0.1996800 0.1902026 0.2179076 0.2101564 0.2130207 0.2140728 0.1955504 0.1839201 0.1839201 0.1864073 0.2036223 0.2036223 0.2090608 0.2070197 0.0904610 0.1955504 0.2005231 0.0867834 0.4242394 0.0000010 0.4097902 0.0008990 0.4317829 0.4029478 0.2114248 0.1814361 0.1866744 0.6520471 0.3505919 0.7098920 0.0721291 0.6426097 0.4365170 
PGlutMN723504.1       1.0294203 0.4096908 0.1771604 0.1721777 0.1690508 0.1741106 0.1769519 0.1719795 0.1820671 0.1832143 0.0389842 0.0717890 0.0358745 0.0720084 0.0072956 0.0807235 0.0807235 0.0000000 0.0701481 0.0073019 0.0000010 0.0082483 0.0713598 0.0320365 0.0069469 0.0812994 0.0799500 0.0800513 0.0178634 0.0000010 0.0475306 0.1977043 0.1830715 0.1974485 0.2005912 0.1925596 0.0890777 0.0370583 0.0821743 0.0308086 0.0329285 0.1956979 0.1675682 0.1954825 0.2008289 0.1954825 0.1880469 0.2055057 0.1962985 0.1941499 0.2018633 0.1877183 0.1699037 0.1699037 0.1696187 0.1800252 0.1800252 0.2013726 0.1830715 0.0253841 0.1877183 0.1925596 0.0475306 0.4297269 0.0807235 0.4341823 0.0821743 0.4688496 0.3779143 0.2049589 0.1675682 0.1882799 0.6451261 0.3576090 0.7356789 0.0890777 0.7088359 0.4519938 
PGlutMN723524.1       0.9399872 0.3937571 0.1800693 0.1642686 0.1725470 0.1736314 0.1798563 0.1640825 0.1833418 0.1845110 0.0796477 0.0648380 0.0736317 0.0650343 0.0677787 0.0551059 0.0551059 0.0701481 0.0000000 0.0678446 0.0702736 0.0692205 0.0655270 0.0756061 0.0683077 0.0566002 0.0554001 0.0554672 0.0794964 0.0699400 0.0785826 0.1886839 0.1796220 0.1842255 0.1896390 0.1814505 0.0588944 0.0754714 0.0563665 0.0729400 0.0822146 0.1764063 0.1617303 0.1842420 0.1893466 0.1842420 0.1770488 0.1937991 0.1850668 0.1811652 0.1903511 0.1804766 0.1639849 0.1639849 0.1743855 0.1732229 0.1732229 0.1922514 0.1796220 0.0809013 0.1804766 0.1814505 0.0785826 0.4122100 0.0551059 0.4201160 0.0563665 0.4246387 0.3704640 0.1880650 0.1617303 0.1676639 0.6500218 0.3420412 0.6971608 0.0588944 0.6407505 0.4320935 
PGlutMN723500.1       1.0210738 0.4014983 0.1808166 0.1722004 0.1743941 0.1791959 0.1806028 0.1722004 0.1857566 0.1888003 0.0369255 0.0718637 0.0338351 0.0720124 0.0000010 0.0808145 0.0808145 0.0073019 0.0678446 0.0000000 0.0073070 0.0009028 0.0713638 0.0320383 0.0019647 0.0813917 0.0799602 0.0800615 0.0178644 0.0073941 0.0499506 0.1942964 0.1797190 0.1900323 0.1971286 0.1890128 0.0919231 0.0370943 0.0822673 0.0308121 0.0329325 0.1958994 0.1677477 0.1919063 0.1971991 0.1919063 0.1845160 0.1979580 0.1927288 0.1905703 0.1944124 0.1916588 0.1700866 0.1700866 0.1698010 0.1767157 0.1767157 0.1979446 0.1797190 0.0277127 0.1916588 0.1890128 0.0499506 0.4253189 0.0808145 0.4289722 0.0822673 0.4632348 0.3728645 0.2021914 0.1677477 0.1847758 0.6564739 0.3619994 0.7356789 0.0919231 0.7120425 0.4472115 
PGlutMN723501.1       1.0294203 0.4082473 0.1758924 0.1723498 0.1690508 0.1741106 0.1756852 0.1723498 0.1820671 0.1832143 0.0390493 0.0719187 0.0359341 0.0720084 0.0073070 0.0808717 0.0808717 0.0000010 0.0702736 0.0073070 0.0000000 0.0082483 0.0713598 0.0320365 0.0069469 0.0814498 0.0800170 0.0800513 0.0178634 0.0000010 0.0476185 0.1981554 0.1834878 0.1979275 0.2010551 0.1930191 0.0892560 0.0371202 0.0823259 0.0308086 0.0329285 0.1961431 0.1679603 0.1959516 0.2013160 0.1959516 0.1884954 0.2060092 0.1967684 0.1946169 0.2023532 0.1881647 0.1703036 0.1703036 0.1700173 0.1804303 0.1804303 0.2018334 0.1834878 0.0253841 0.1881647 0.1930191 0.0476185 0.4297269 0.0808717 0.4341823 0.0823259 0.4702588 0.3779143 0.2049589 0.1679603 0.1887254 0.6451261 0.3576090 0.7356789 0.0892560 0.7088359 0.4543091 
PGlutMN723503.1       1.0337475 0.4069964 0.1832586 0.1745540 0.1743941 0.1814390 0.1830406 0.1745540 0.1882265 0.1913293 0.0380633 0.0732803 0.0349532 0.0733720 0.0009028 0.0823012 0.0823012 0.0082483 0.0692205 0.0009028 0.0082483 0.0000000 0.0727287 0.0331286 0.0019647 0.0828929 0.0814468 0.0814818 0.0188694 0.0083529 0.0512890 0.1969472 0.1822519 0.1928069 0.1998373 0.1917434 0.0936165 0.0382382 0.0837691 0.0318886 0.0329325 0.1985609 0.1702723 0.1946755 0.2000395 0.1946755 0.1872100 0.2008241 0.1954974 0.1933348 0.1972230 0.1944186 0.1726441 0.1726441 0.1723525 0.1792009 0.1792009 0.2006304 0.1822519 0.0289398 0.1944186 0.1917434 0.0512890 0.4314853 0.0823012 0.4363201 0.0837691 0.4694790 0.3792458 0.2058617 0.1702723 0.1874507 0.6710470 0.3665188 0.7513803 0.0936165 0.7246877 0.4576386 
PGlutMN723509.1       0.9426846 0.3826391 0.1681215 0.1622523 0.1601866 0.1614217 0.1688791 0.1622523 0.1755461 0.1768879 0.0842111 0.0000010 0.0782375 0.0000010 0.0710044 0.0812507 0.0814013 0.0713598 0.0655270 0.0713638 0.0713598 0.0727287 0.0000000 0.0725355 0.0713421 0.0822284 0.0807744 0.0807059 0.0777099 0.0699244 0.0707768 0.1979470 0.1760242 0.1830532 0.1990561 0.1802402 0.0826981 0.0749945 0.0830402 0.0679871 0.0735771 0.1762062 0.1634181 0.1793770 0.1845113 0.1793770 0.1794414 0.1889755 0.1802269 0.1874020 0.1837021 0.1865423 0.1657467 0.1657467 0.1691064 0.1765471 0.1765471 0.2016788 0.1760242 0.0704719 0.1865423 0.1802402 0.0707768 0.4085415 0.0812507 0.4246225 0.0830402 0.4442542 0.3808460 0.1889607 0.1634181 0.1717150 0.6200416 0.3252271 0.6783494 0.0826981 0.6516883 0.4223852 
PGrobMN723522.1       0.9814093 0.4260161 0.1826081 0.1705549 0.1734798 0.1807823 0.1858382 0.1705549 0.1926849 0.1943216 0.0168752 0.0733424 0.0139914 0.0733424 0.0320383 0.0890775 0.0890775 0.0320365 0.0756061 0.0320383 0.0320365 0.0331286 0.0725355 0.0000000 0.0326636 0.0909284 0.0894215 0.0893449 0.0417365 0.0324261 0.0576098 0.1979291 0.1778543 0.1963522 0.1953367 0.1933237 0.0997274 0.0373449 0.0906013 0.0416477 0.0467284 0.2013980 0.1667142 0.1887041 0.1939518 0.1887041 0.1850657 0.2024239 0.1932968 0.1873643 0.1988147 0.1903669 0.1726985 0.1726985 0.1760688 0.1713654 0.1713654 0.1943330 0.1778543 0.0399667 0.1903669 0.1933237 0.0576098 0.4478790 0.0890775 0.4446857 0.0906013 0.4761755 0.3954034 0.2005804 0.1667142 0.1903240 0.6308239 0.3491783 0.7044451 0.0997274 0.6873305 0.4528956 
PGlutMN723512.1       0.9421270 0.4055372 0.1807856 0.1669040 0.1735146 0.1806916 0.1805512 0.1669040 0.1861270 0.1896308 0.0359079 0.0713421 0.0336687 0.0713421 0.0019647 0.0839023 0.0839023 0.0069469 0.0683077 0.0019647 0.0069469 0.0019647 0.0713421 0.0326636 0.0000000 0.0854890 0.0839023 0.0839023 0.0172585 0.0069469 0.0521259 0.1990673 0.1857022 0.1990817 0.2021066 0.1978820 0.0946058 0.0383392 0.0839023 0.0281052 0.0288566 0.1975090 0.1733579 0.1969336 0.2025576 0.1969336 0.1911265 0.2075580 0.1998759 0.1995318 0.1980033 0.2005823 0.1758553 0.1758553 0.1736711 0.1824855 0.1824855 0.2029068 0.1857022 0.0275871 0.2005823 0.1978820 0.0521259 0.4355340 0.0839023 0.4439216 0.0839023 0.4631023 0.3917198 0.2018134 0.1733579 0.1893176 0.6563239 0.3662317 0.7208050 0.0946058 0.7065037 0.4731203 
PGlutMN723521.1       1.0081638 0.4109065 0.1981640 0.1789116 0.1908876 0.1958306 0.2015281 0.1787014 0.2058532 0.2074069 0.0925420 0.0813308 0.0870822 0.0815859 0.0813098 0.0009027 0.0009027 0.0812994 0.0566002 0.0813917 0.0814498 0.0828929 0.0822284 0.0909284 0.0854890 0.0000000 0.0027207 0.0009051 0.0912701 0.0820909 0.0883494 0.2153797 0.2096350 0.2064339 0.2091340 0.2031932 0.0736088 0.0891484 0.0018119 0.0864486 0.0960460 0.2012828 0.1839508 0.2023510 0.2078741 0.2023510 0.1927883 0.2207792 0.2129126 0.2158287 0.2168905 0.1981779 0.1864668 0.1864668 0.1889802 0.2061882 0.2061882 0.2116710 0.2096350 0.0922094 0.1981779 0.2031932 0.0883494 0.4305378 0.0009027 0.4169936 0.0018119 0.4396763 0.4099117 0.2153086 0.1839508 0.1892073 0.6662590 0.3550281 0.7254605 0.0736088 0.6542859 0.4458732 
PGlutMN723526.1       0.9954630 0.3991260 0.1941945 0.1766437 0.1883502 0.1933966 0.1975286 0.1766437 0.2031499 0.2046536 0.0911315 0.0799772 0.0857065 0.0801463 0.0799602 0.0018076 0.0018076 0.0799500 0.0554001 0.0799602 0.0800170 0.0814468 0.0807744 0.0894215 0.0839023 0.0027207 0.0000000 0.0018108 0.0923693 0.0807255 0.0895957 0.2130021 0.2072766 0.2000536 0.2067718 0.1969379 0.0722060 0.0877483 0.0027213 0.0849808 0.0944282 0.1953499 0.1816685 0.1999381 0.2054050 0.1999381 0.1904469 0.2141692 0.2104289 0.2132999 0.2103795 0.1958019 0.1841570 0.1841570 0.1866482 0.2038725 0.2038725 0.2093184 0.2072766 0.0904610 0.1958019 0.1969379 0.0895957 0.4220896 0.0018076 0.4073249 0.0027213 0.4350466 0.3994226 0.2087983 0.1816685 0.1869116 0.6467553 0.3505919 0.7163484 0.0722060 0.6382099 0.4345138 
PGlutMN723527.1       0.9935414 0.4045424 0.1944885 0.1769046 0.1881425 0.1934859 0.1978279 0.1769046 0.2031499 0.2049922 0.0912483 0.0800788 0.0858154 0.0800788 0.0800615 0.0000010 0.0000010 0.0800513 0.0554672 0.0800615 0.0800513 0.0814818 0.0807059 0.0893449 0.0839023 0.0009051 0.0018108 0.0000000 0.0896788 0.0808973 0.0870725 0.2135652 0.2078275 0.2045391 0.2073229 0.2013356 0.0723676 0.0878611 0.0009055 0.0850173 0.0944282 0.1995219 0.1821652 0.2004912 0.2059789 0.2004912 0.1909699 0.2188150 0.2110134 0.2138992 0.2149562 0.1963405 0.1846635 0.1846635 0.1871634 0.2044088 0.2044088 0.2098707 0.2078275 0.0904610 0.1963405 0.2013356 0.0870725 0.4242394 0.0000010 0.4097902 0.0009055 0.4358673 0.4029478 0.2114248 0.1821652 0.1874192 0.6520471 0.3505919 0.7098920 0.0723676 0.6426097 0.4402673 
PGlutMN723523.1       1.0068514 0.4250370 0.1837165 0.1750013 0.1756753 0.1818948 0.1834979 0.1750013 0.1883760 0.1917864 0.0469273 0.0787708 0.0458738 0.0787708 0.0178644 0.0906019 0.0906019 0.0178634 0.0794964 0.0178644 0.0178634 0.0188694 0.0777099 0.0417365 0.0172585 0.0912701 0.0923693 0.0896788 0.0000000 0.0171053 0.0540976 0.1901707 0.1826829 0.2009844 0.1929462 0.1959943 0.0967285 0.0417136 0.0921402 0.0373383 0.0419682 0.1917754 0.1680700 0.1989632 0.2043945 0.1989632 0.1914393 0.2052007 0.1997778 0.1976263 0.1996832 0.1986937 0.1704161 0.1704161 0.1701294 0.1796262 0.1796262 0.1938064 0.1826829 0.0338175 0.1986937 0.1959943 0.0540976 0.4339342 0.0906019 0.4585256 0.0921402 0.4867081 0.3742057 0.2040709 0.1680700 0.1916472 0.6883382 0.3446152 0.7310786 0.0967285 0.7261857 0.4803181 
PGlutMN723502.1       1.0183841 0.4052810 0.1785495 0.1700304 0.1703832 0.1754495 0.1783360 0.1698323 0.1820671 0.1832143 0.0373850 0.0703709 0.0352940 0.0705883 0.0073877 0.0806439 0.0806439 0.0000010 0.0699400 0.0073941 0.0000010 0.0083529 0.0699244 0.0324261 0.0069469 0.0820909 0.0807255 0.0808973 0.0171053 0.0000000 0.0475306 0.1977043 0.1830715 0.1974485 0.2005912 0.1925596 0.0890777 0.0364877 0.0821128 0.0301757 0.0332320 0.1956979 0.1675682 0.1954825 0.2008289 0.1954825 0.1880469 0.2055057 0.1962985 0.1941499 0.2018633 0.1877183 0.1699037 0.1699037 0.1696187 0.1800252 0.1800252 0.2013726 0.1830715 0.0253841 0.1877183 0.1925596 0.0475306 0.4297269 0.0806439 0.4341823 0.0821128 0.4657987 0.3779143 0.2049589 0.1675682 0.1882799 0.6451261 0.3576090 0.7356789 0.0890777 0.7088359 0.4519938 
PAlbaJF504320.1       0.9268322 0.3799980 0.1926167 0.1666376 0.1823974 0.1846520 0.1923688 0.1675777 0.1912933 0.1879590 0.0619240 0.0712423 0.0631888 0.0714757 0.0498999 0.0867834 0.0867834 0.0475306 0.0785826 0.0499506 0.0476185 0.0512890 0.0707768 0.0576098 0.0521259 0.0883494 0.0895957 0.0870725 0.0540976 0.0475306 0.0000000 0.2039373 0.1947494 0.2043916 0.2008213 0.2057174 0.0863039 0.0575119 0.0883744 0.0453626 0.0509510 0.1930932 0.1679919 0.2087107 0.2141862 0.2087107 0.2012037 0.2150532 0.2094927 0.2074094 0.2113409 0.1980561 0.1702968 0.1702968 0.1726334 0.1880539 0.1880539 0.2076028 0.1947494 0.0494159 0.1980561 0.2057174 0.0000010 0.4199790 0.0867834 0.3959379 0.0883744 0.4459905 0.3742908 0.1950156 0.1679919 0.2031723 0.6293619 0.3304319 0.6877006 0.0863039 0.6860414 0.3908904 
PFourFJ266740.1       0.9579472 0.4392736 0.2019931 0.1901949 0.1927835 0.1931705 0.1980424 0.1892391 0.1970022 0.1979887 0.1923524 0.1952634 0.1942157 0.1960122 0.1940610 0.2127396 0.2127396 0.1977043 0.1886839 0.1942964 0.1981554 0.1969472 0.1979470 0.1979291 0.1990673 0.2153797 0.2130021 0.2135652 0.1901707 0.1977043 0.2039373 0.0000000 0.0514692 0.1563198 0.0067846 0.1542182 0.2109004 0.2124062 0.2154484 0.2034539 0.2082554 0.1478431 0.1535504 0.1543026 0.1586889 0.1543026 0.1543859 0.1649241 0.1607875 0.1553885 0.1619983 0.1590947 0.1556373 0.1556373 0.1653791 0.0489414 0.0489414 0.0076914 0.0514692 0.2002874 0.1590947 0.1542182 0.2039373 0.4599501 0.2127396 0.4429826 0.2154484 0.4361452 0.4054864 0.2363575 0.1535504 0.1538986 0.7130919 0.3306329 0.6724165 0.2109004 0.7191000 0.4260078 
PFourFJ266741.1       0.9660959 0.4320141 0.1915755 0.1862867 0.1799179 0.1828602 0.1876886 0.1853455 0.1866311 0.1874856 0.1726624 0.1753536 0.1709928 0.1760215 0.1795016 0.2070197 0.2070197 0.1830715 0.1796220 0.1797190 0.1834878 0.1822519 0.1760242 0.1778543 0.1857022 0.2096350 0.2072766 0.2078275 0.1826829 0.1830715 0.1947494 0.0514692 0.0000000 0.1508475 0.0508733 0.1488162 0.2024971 0.2010755 0.2097023 0.1922460 0.1944302 0.1488712 0.1537368 0.1424460 0.1466787 0.1424460 0.1457332 0.1611205 0.1520731 0.1466898 0.1598678 0.1504107 0.1558467 0.1558467 0.1623202 0.0038329 0.0038329 0.0514759 0.0000010 0.1852642 0.1504107 0.1488162 0.1947494 0.4603915 0.2070197 0.4626654 0.2097023 0.4401946 0.4048501 0.2177241 0.1537368 0.1389283 0.6720600 0.3285077 0.6921487 0.2024971 0.6664552 0.4489473 
POuacFJ611355.1       0.9847237 0.4095701 0.2063883 0.1953339 0.1910769 0.2009432 0.2061144 0.1961725 0.2050319 0.2050319 0.1956544 0.1822598 0.1900213 0.1829897 0.1897884 0.2037015 0.2037015 0.1974485 0.1842255 0.1900323 0.1979275 0.1928069 0.1830532 0.1963522 0.1990817 0.2064339 0.2000536 0.2045391 0.2009844 0.1974485 0.2043916 0.1563198 0.1508475 0.0000000 0.1580412 0.0009603 0.2008136 0.2012545 0.2065039 0.2016441 0.2132433 0.1275901 0.1619567 0.0231878 0.0254635 0.0231878 0.0285374 0.0160919 0.0220458 0.0362355 0.0149579 0.0463485 0.1596923 0.1596923 0.1569735 0.1482336 0.1482336 0.1596824 0.1508475 0.2056486 0.0463485 0.0009603 0.2043916 0.4386795 0.2037015 0.4375102 0.2065039 0.4516101 0.3809456 0.2250368 0.1619567 0.0373980 0.6270409 0.3519733 0.6135351 0.2008136 0.6189867 0.3905478 
PFourFJ611416.1       0.9708877 0.4364812 0.1975139 0.1893414 0.1879130 0.1886545 0.1935535 0.1883795 0.1924958 0.1924958 0.1897515 0.1963237 0.1916267 0.1970859 0.1968867 0.2065148 0.2065148 0.2005912 0.1896390 0.1971286 0.2010551 0.1998373 0.1990561 0.1953367 0.2021066 0.2091340 0.2067718 0.2073229 0.1929462 0.2005912 0.2008213 0.0067846 0.0508733 0.1580412 0.0000000 0.1563576 0.2158996 0.2099204 0.2092014 0.2046291 0.2095745 0.1498079 0.1590198 0.1531308 0.1575482 0.1531308 0.1565297 0.1672688 0.1630327 0.1575597 0.1642810 0.1579772 0.1611746 0.1611746 0.1677127 0.0483284 0.0483284 0.0009578 0.0508733 0.2042883 0.1579772 0.1563576 0.2008213 0.4568424 0.2065148 0.4359481 0.2092014 0.4360853 0.4058419 0.2284264 0.1590198 0.1560250 0.6975144 0.3316709 0.6614795 0.2158996 0.7150390 0.4169046 
POuacFJ611356.1       0.9629333 0.4071529 0.2012801 0.1904599 0.1858989 0.1959434 0.2010171 0.1913007 0.1999414 0.2030411 0.1926507 0.1794932 0.1871166 0.1802016 0.1887733 0.2005231 0.2005231 0.1925596 0.1814505 0.1890128 0.1930191 0.1917434 0.1802402 0.1933237 0.1978820 0.2031932 0.1969379 0.2013356 0.1959943 0.1925596 0.2057174 0.1542182 0.1488162 0.0009603 0.1563576 0.0000000 0.1977400 0.1981154 0.2032611 0.1985003 0.2096699 0.1243577 0.1578927 0.0218930 0.0241263 0.0218930 0.0271591 0.0169458 0.0207736 0.0347340 0.0158148 0.0469641 0.1556892 0.1556892 0.1530048 0.1462566 0.1462566 0.1575280 0.1488162 0.2034939 0.0469641 0.0000010 0.2057174 0.4386795 0.2005231 0.4375102 0.2032611 0.4455538 0.3809456 0.2250368 0.1578927 0.0358764 0.6270409 0.3452668 0.6135351 0.1977400 0.6189867 0.3905478 
PKiamFJ266739.1       0.9888679 0.4270288 0.1969839 0.1643761 0.1793628 0.1879191 0.1929319 0.1635371 0.1918478 0.1929145 0.1028127 0.0830606 0.1014187 0.0833416 0.0918229 0.0721291 0.0721291 0.0890777 0.0588944 0.0919231 0.0892560 0.0936165 0.0826981 0.0997274 0.0946058 0.0736088 0.0722060 0.0723676 0.0967285 0.0890777 0.0863039 0.2109004 0.2024971 0.2008136 0.2158996 0.1977400 0.0000000 0.0981168 0.0736294 0.0922852 0.0943609 0.1891173 0.1637921 0.1969068 0.2022264 0.1969068 0.1895193 0.2107722 0.1977130 0.1993651 0.2070947 0.2023353 0.1660868 0.1660868 0.1766372 0.1955943 0.1955943 0.2183425 0.2024971 0.0962267 0.2023353 0.1977400 0.0863039 0.4430955 0.0721291 0.4672677 0.0736294 0.4461750 0.3777714 0.2333284 0.1637921 0.1824203 0.7430139 0.3560920 0.7186227 0.0000010 0.7512773 0.4702931 
PMissMN723517.1       1.0329664 0.3936100 0.1834678 0.1731041 0.1708582 0.1769555 0.1824488 0.1729048 0.1874738 0.1887166 0.0430322 0.0753936 0.0399818 0.0756254 0.0368888 0.0868025 0.0869633 0.0370583 0.0754714 0.0370943 0.0371202 0.0382382 0.0749945 0.0373449 0.0383392 0.0891484 0.0877483 0.0878611 0.0417136 0.0364877 0.0575119 0.2124062 0.2010755 0.2012545 0.2099204 0.1981154 0.0981168 0.0000000 0.0886404 0.0207479 0.0296130 0.1884037 0.1726970 0.1992090 0.2046685 0.1992090 0.1954708 0.2074325 0.1980757 0.2017331 0.2037293 0.2008933 0.1750994 0.1750994 0.1748021 0.1941132 0.1941132 0.2124465 0.2010755 0.0276557 0.2008933 0.1981154 0.0575119 0.4249661 0.0868025 0.4193071 0.0886404 0.4603533 0.3583375 0.2076685 0.1726970 0.1899470 0.6318185 0.3641880 0.6590756 0.0981168 0.7034029 0.4386541 
PMissMN723531.1       1.0041794 0.4099513 0.1967956 0.1777127 0.1869286 0.1944824 0.2001339 0.1775052 0.2059224 0.2074775 0.0920155 0.0821369 0.0865919 0.0823935 0.0820809 0.0008990 0.0008990 0.0821743 0.0563665 0.0822673 0.0823259 0.0837691 0.0830402 0.0906013 0.0839023 0.0018119 0.0027213 0.0009055 0.0921402 0.0821128 0.0883744 0.2154484 0.2097023 0.2065039 0.2092014 0.2032611 0.0736294 0.0886404 0.0000000 0.0860685 0.0944282 0.2013468 0.1840122 0.2024189 0.2079444 0.2024189 0.1928528 0.2208545 0.2129840 0.2159018 0.2122732 0.1982441 0.1865295 0.1865295 0.1890438 0.2062538 0.2062538 0.2117385 0.2097023 0.0922381 0.1982441 0.2032611 0.0883744 0.4307218 0.0008990 0.4131564 0.0000010 0.4384951 0.4101156 0.2154099 0.1840122 0.1892699 0.6520471 0.3505919 0.7098920 0.0736294 0.6311434 0.4461473 
PMissMN723530.1       1.0252206 0.4015630 0.1878940 0.1790459 0.1797265 0.1826003 0.1876688 0.1790459 0.1930323 0.1943587 0.0477761 0.0685690 0.0445560 0.0686543 0.0308121 0.0845866 0.0845866 0.0308086 0.0729400 0.0308121 0.0308086 0.0318886 0.0679871 0.0416477 0.0281052 0.0864486 0.0849808 0.0850173 0.0373383 0.0301757 0.0453626 0.2034539 0.1922460 0.2016441 0.2046291 0.1985003 0.0922852 0.0207479 0.0860685 0.0000000 0.0117984 0.1905398 0.1722050 0.2015137 0.2070051 0.2015137 0.1939167 0.2078229 0.2023267 0.2040541 0.2041176 0.1993228 0.1745952 0.1745952 0.1779858 0.1890494 0.1890494 0.2071910 0.1922460 0.0084895 0.1993228 0.1985003 0.0453626 0.4296801 0.0845866 0.4394700 0.0860685 0.4776486 0.3679580 0.2034941 0.1722050 0.1922007 0.6519158 0.3650157 0.7107850 0.0922852 0.7083310 0.4614718 
PMissMN723519.1       1.0468329 0.4327653 0.1918123 0.1797001 0.1887031 0.1898190 0.1915655 0.1797001 0.1912319 0.1929479 0.0535404 0.0735771 0.0500462 0.0735771 0.0329325 0.0944282 0.0944282 0.0329285 0.0822146 0.0329325 0.0329285 0.0329325 0.0735771 0.0467284 0.0288566 0.0960460 0.0944282 0.0944282 0.0419682 0.0332320 0.0509510 0.2082554 0.1944302 0.2132433 0.2095745 0.2096699 0.0943609 0.0296130 0.0944282 0.0117984 0.0000000 0.1938497 0.1771452 0.2087121 0.2146921 0.2087121 0.2130094 0.2159427 0.2096397 0.2177883 0.2098194 0.2167065 0.1797400 0.1797400 0.1755856 0.1910044 0.1910044 0.2122570 0.1944302 0.0011113 0.2167065 0.2096699 0.0509510 0.4505620 0.0944282 0.4516560 0.0944282 0.4948375 0.3876403 0.2005735 0.1771452 0.2025632 0.6325542 0.3811285 0.6979433 0.0943609 0.7214350 0.4790001 
PCadoFJ266742.1       0.9313811 0.3803420 0.1677353 0.1714868 0.1561453 0.1594569 0.1640794 0.1706403 0.1630082 0.1653614 0.1957677 0.1738652 0.1940446 0.1745204 0.1956623 0.1987560 0.1987560 0.1956979 0.1764063 0.1958994 0.1961431 0.1985609 0.1762062 0.2013980 0.1975090 0.2012828 0.1953499 0.1995219 0.1917754 0.1956979 0.1930932 0.1478431 0.1488712 0.1275901 0.1498079 0.1243577 0.1891173 0.1884037 0.2013468 0.1905398 0.1938497 0.0000000 0.1163378 0.1280951 0.1320913 0.1280951 0.1250708 0.1323739 0.1304761 0.1370951 0.1313771 0.1366857 0.1181126 0.1181126 0.1209302 0.1448135 0.1448135 0.1509960 0.1488712 0.1943310 0.1366857 0.1243577 0.1930932 0.4113061 0.1987560 0.3515052 0.2013468 0.3799275 0.3158044 0.2099836 0.1163378 0.1196440 0.6284673 0.3125783 0.5920217 0.1891173 0.5892411 0.3288783 
PCadoFJ266743.1       0.8867464 0.4216365 0.1962962 0.1628210 0.1947644 0.1919689 0.1970184 0.1619980 0.1959373 0.1989668 0.1590334 0.1611702 0.1563737 0.1618002 0.1675378 0.1814361 0.1814361 0.1675682 0.1617303 0.1677477 0.1679603 0.1702723 0.1634181 0.1667142 0.1733579 0.1839508 0.1816685 0.1821652 0.1680700 0.1675682 0.1679919 0.1535504 0.1537368 0.1619567 0.1590198 0.1578927 0.1637921 0.1726970 0.1840122 0.1722050 0.1771452 0.1163378 0.0000000 0.1614247 0.1661140 0.1614247 0.1502701 0.1648251 0.1638182 0.1566433 0.1617845 0.1536632 0.0028715 0.0028715 0.0167181 0.1543800 0.1543800 0.1601724 0.1537368 0.1736699 0.1536632 0.1578927 0.1679919 0.4508893 0.1814361 0.4455137 0.1840122 0.4568709 0.3711969 0.1910890 0.0000010 0.1450232 0.7317302 0.2952239 0.7266911 0.1637921 0.7416130 0.4323433 
POuacFJ266744.1       0.9559342 0.3980521 0.1994316 0.1868281 0.1838815 0.1941079 0.1991712 0.1876784 0.1980928 0.2011608 0.1880414 0.1786388 0.1862485 0.1793456 0.1916619 0.1996800 0.1996800 0.1954825 0.1842420 0.1919063 0.1959516 0.1946755 0.1793770 0.1887041 0.1969336 0.2023510 0.1999381 0.2004912 0.1989632 0.1954825 0.2087107 0.1543026 0.1424460 0.0231878 0.1531308 0.0218930 0.1969068 0.1992090 0.2024189 0.2015137 0.2087121 0.1280951 0.1614247 0.0000000 0.0019175 0.0000010 0.0188086 0.0308471 0.0229349 0.0325646 0.0306435 0.0447053 0.1591900 0.1591900 0.1599390 0.1368136 0.1368136 0.1543283 0.1424460 0.2080407 0.0447053 0.0218930 0.2087107 0.4281883 0.1996800 0.4343505 0.2024189 0.4333071 0.3741186 0.2209557 0.1614247 0.0315251 0.6132845 0.3402718 0.6221752 0.1969068 0.5928089 0.4047850 
POuacFJ266745.1       0.9764212 0.4078198 0.2048589 0.1920523 0.1894904 0.1994573 0.2045888 0.1928946 0.2035105 0.2066958 0.1932569 0.1837009 0.1914365 0.1844352 0.1969455 0.2051373 0.2051373 0.2008289 0.1893466 0.1971991 0.2013160 0.2000395 0.1845113 0.1939518 0.2025576 0.2078741 0.2054050 0.2059789 0.2043945 0.2008289 0.2141862 0.1586889 0.1466787 0.0254635 0.1575482 0.0241263 0.2022264 0.2046685 0.2079444 0.2070051 0.2146921 0.1320913 0.1661140 0.0019175 0.0000000 0.0019175 0.0209997 0.0332443 0.0251831 0.0349553 0.0330236 0.0472686 0.1638262 0.1638262 0.1646145 0.1409291 0.1409291 0.1587156 0.1466787 0.2141395 0.0472686 0.0241263 0.2141862 0.4395770 0.2051373 0.4475388 0.2079444 0.4436313 0.3864451 0.2288932 0.1661140 0.0339035 0.6360880 0.3479413 0.6438905 0.2022264 0.6107248 0.4205877 
POuacFJ266746.1       0.9559342 0.3980521 0.1994316 0.1868281 0.1838815 0.1941079 0.1991712 0.1876784 0.1980928 0.2011608 0.1880414 0.1786388 0.1862485 0.1793456 0.1916619 0.1996800 0.1996800 0.1954825 0.1842420 0.1919063 0.1959516 0.1946755 0.1793770 0.1887041 0.1969336 0.2023510 0.1999381 0.2004912 0.1989632 0.1954825 0.2087107 0.1543026 0.1424460 0.0231878 0.1531308 0.0218930 0.1969068 0.1992090 0.2024189 0.2015137 0.2087121 0.1280951 0.1614247 0.0000010 0.0019175 0.0000000 0.0188086 0.0308471 0.0229349 0.0325646 0.0306435 0.0447053 0.1591900 0.1591900 0.1599390 0.1368136 0.1368136 0.1543283 0.1424460 0.2080407 0.0447053 0.0218930 0.2087107 0.4281883 0.1996800 0.4343505 0.2024189 0.4333071 0.3741186 0.2209557 0.1614247 0.0315251 0.6132845 0.3402718 0.6221752 0.1969068 0.5928089 0.4047850 
POuacFJ266747.1       0.9639686 0.4114822 0.1957281 0.1746006 0.1839935 0.1904354 0.1954732 0.1754733 0.1943904 0.1973921 0.1881461 0.1787021 0.1826407 0.1794095 0.1842821 0.1902026 0.1902026 0.1880469 0.1770488 0.1845160 0.1884954 0.1872100 0.1794414 0.1850657 0.1911265 0.1927883 0.1904469 0.1909699 0.1914393 0.1880469 0.2012037 0.1543859 0.1457332 0.0285374 0.1565297 0.0271591 0.1895193 0.1954708 0.1928528 0.1939167 0.2130094 0.1250708 0.1502701 0.0188086 0.0209997 0.0188086 0.0000000 0.0319570 0.0239938 0.0358636 0.0317460 0.0391165 0.1481444 0.1481444 0.1555406 0.1432110 0.1432110 0.1576996 0.1457332 0.2110224 0.0391165 0.0271591 0.2012037 0.4494142 0.1902026 0.4317970 0.1928528 0.4323277 0.3789930 0.2251096 0.1502701 0.0283123 0.6193635 0.3274552 0.6349842 0.1895193 0.6077623 0.4113107 
POuacFJ266749.1       0.9820061 0.4239174 0.2126176 0.1898989 0.1937776 0.2071029 0.2123333 0.1907542 0.2112554 0.2146125 0.2016783 0.1881004 0.1998198 0.1888596 0.1977018 0.2179076 0.2179076 0.2055057 0.1937991 0.1979580 0.2060092 0.2008241 0.1889755 0.2024239 0.2075580 0.2207792 0.2141692 0.2188150 0.2052007 0.2055057 0.2150532 0.1649241 0.1611205 0.0160919 0.1672688 0.0169458 0.2107722 0.2074325 0.2208545 0.2078229 0.2159427 0.1323739 0.1648251 0.0308471 0.0332443 0.0308471 0.0319570 0.0000000 0.0274774 0.0443596 0.0048938 0.0524358 0.1625368 0.1625368 0.1633192 0.1583648 0.1583648 0.1683618 0.1611205 0.2160028 0.0524358 0.0169458 0.2150532 0.4651066 0.2179076 0.4548671 0.2208545 0.4543724 0.3887120 0.2261731 0.1648251 0.0432686 0.6575930 0.3541153 0.6612846 0.2107722 0.6595803 0.4058846 
POuacFJ266750.1       0.9723971 0.4180296 0.2031406 0.1876487 0.1878583 0.1977890 0.2028748 0.1884942 0.2018016 0.2049344 0.1963828 0.1794801 0.1908100 0.1801884 0.1924840 0.2101564 0.2101564 0.1962985 0.1850668 0.1927288 0.1967684 0.1954974 0.1802269 0.1932968 0.1998759 0.2129126 0.2104289 0.2110134 0.1997778 0.1962985 0.2094927 0.1607875 0.1520731 0.0220458 0.1630327 0.0207736 0.1977130 0.1980757 0.2129840 0.2023267 0.2096397 0.1304761 0.1638182 0.0229349 0.0251831 0.0229349 0.0239938 0.0274774 0.0000000 0.0336428 0.0272972 0.0458243 0.1615581 0.1615581 0.1588628 0.1462472 0.1462472 0.1641470 0.1520731 0.2075977 0.0458243 0.0207736 0.2094927 0.4409088 0.2101564 0.4527847 0.2129840 0.4270098 0.3881001 0.2316426 0.1638182 0.0282861 0.6309383 0.3452387 0.6405842 0.1977130 0.6365602 0.4177984 
